SPLIT: 45 210 0 2 5
SPLIT:     
SPLIT: 45 210 0 3 5
SPLIT: 45 210 0 2 3
SPLIT: 50 242 0 11 12
SPLIT: 50 242 0 11 14
SPLIT: 50 242 0 11 15
SPLIT: 50 242 0 12 14
SPLIT: 50 242 0 14 15
SPLIT: 50 230 0 2 3
SPLIT: 50 230 0 2 5
SPLIT: 50 230 0 2 6
SPLIT: 50 230 0 2 9
SPLIT: 50 230 0 3 5
SPLIT: 50 230 0 3 6
SPLIT: 50 230 0 3 8
SPLIT: 50 230 0 5 6
SPLIT: 50 230 0 5 9
SPLIT: 50 230 0 6 9
SPLIT: 50 234 0 2 5
SPLIT: 50 234 0 2 6
SPLIT: 50 234 0 2 9
SPLIT: 50 234 0 3 5
SPLIT: 50 234 0 3 6
SPLIT: 50 234 0 3 8
SPLIT: 50 234 0 5 6
SPLIT: 50 234 0 5 9
SPLIT: 50 234 0 6 8
SPLIT: 50 234 0 6 9
SPLIT: 50 234 0 6 11
SPLIT: 50 234 0 9 11
SPLIT: 50 228 0 2 3
SPLIT: 50 228 0 3 5
SPLIT: 50 228 0 3 6
SPLIT: 50 228 0 3 8
SPLIT: 50 240 0 2 3
SPLIT: 50 240 0 2 5
SPLIT: 50 240 0 2 6
SPLIT: 50 240 0 2 8
SPLIT: 50 240 0 2 9
SPLIT: 50 240 0 2 11
SPLIT: 50 240 0 2 12
SPLIT: 50 240 0 2 14
SPLIT: 50 240 0 3 5
SPLIT: 50 240 0 3 6
SPLIT: 50 240 0 3 8
SPLIT: 50 240 0 3 9
SPLIT: 50 240 0 3 11
SPLIT: 50 240 0 3 12
SPLIT: 50 240 0 3 14
SPLIT: 50 240 0 5 6
SPLIT: 50 240 0 5 8
SPLIT: 50 240 0 5 9
SPLIT: 50 240 0 5 11
SPLIT: 50 240 0 5 12
SPLIT: 50 240 0 5 14
SPLIT: 50 240 0 6 8
SPLIT: 50 240 0 6 9
SPLIT: 50 240 0 6 11
SPLIT: 50 240 0 6 12
SPLIT: 50 240 0 6 14
SPLIT: 50 240 0 8 9
SPLIT: 50 240 0 8 11
SPLIT: 50 240 0 8 12
SPLIT: 50 240 0 8 14
SPLIT: 50 240 0 9 11
SPLIT: 50 240 0 9 12
SPLIT: 50 240 0 9 14
SPLIT: 50 240 0 9 15
SPLIT: 50 240 0 11 12
SPLIT: 50 240 0 11 14
SPLIT: 50 240 0 12 14
SPLIT: 50 240 0 14 15
SPLIT: 50 236 0 2 3
SPLIT: 50 236 0 2 5
SPLIT: 50 236 0 2 6
SPLIT: 50 236 0 2 8
SPLIT: 50 236 0 2 9
SPLIT: 50 236 0 2 12
SPLIT: 50 236 0 3 5
SPLIT: 50 236 0 3 8
SPLIT: 50 236 0 3 9
SPLIT: 50 236 0 3 12
SPLIT: 50 236 0 5 6
SPLIT: 50 236 0 5 8
SPLIT: 50 236 0 5 9
SPLIT: 50 236 0 5 11
SPLIT: 50 236 0 5 12
SPLIT: 50 236 0 5 14
SPLIT: 50 236 0 6 9
SPLIT: 50 236 0 6 11
SPLIT: 50 236 0 6 12
SPLIT: 50 236 0 8 9
SPLIT: 50 236 0 9 12
SPLIT2: 50 238 8 10
SPLIT2: 50 238 8 11
SPLIT2: 50 238 8 13
SPLIT2: 50 238 8 14
SPLIT2: 50 236 12 14
SPLIT2: 50 240 11 12
SPLIT2: 50 240 11 13
SPLIT2: 50 240 11 14
SPLIT2: 50 234 3 5
SPLIT2: 50 234 3 6
SPLIT2: 50 234 3 8
SPLIT2: 50 234 3 9
SPLIT2: 50 234 3 11
SPLIT2: 50 232 8 10
SPLIT2: 45 210 4 5
SPLIT2: 45 210 4 7
SPLIT2: 45 210 4 8
SPLIT2: 50 240 12 14
SPLIT2: 50 230 2 3
SPLIT2: 50 230 2 5
SPLIT2: 50 230 2 6
SPLIT2: 50 230 2 8
SPLIT2: 50 230 2 9
SPLIT2: 50 240 4 5
SPLIT2: 50 240 4 7
SPLIT2: 50 240 4 8
SPLIT2: 50 240 4 10
SPLIT2: 50 240 4 11
SPLIT2: 50 240 4 13
SPLIT2: 50 240 4 14
SPLIT2: 50 244 8 10
SPLIT2: 50 244 8 11
SPLIT2: 50 244 8 13
SPLIT2: 50 244 8 14
SPLIT2: 50 244 8 16
SPLIT2: 50 238 7 8
SPLIT2: 50 238 7 10
SPLIT2: 50 238 7 11
SPLIT2: 50 238 7 13
SPLIT2: 50 240 5 6
SPLIT2: 50 240 5 7
SPLIT2: 50 240 5 8
SPLIT2: 50 240 5 9
SPLIT2: 50 240 5 10
SPLIT2: 50 240 5 11
SPLIT2: 50 240 5 12
SPLIT2: 50 240 5 13
SPLIT2: 50 240 5 14
SPLIT2: 50 242 14 15
SPLIT2: 50 228 5 6
SPLIT2: 50 228 5 7
SPLIT2: 50 228 5 8
SPLIT2: 50 240 2 3
SPLIT2: 50 240 2 4
SPLIT2: 50 240 2 5
SPLIT2: 50 240 2 6
SPLIT2: 50 240 2 7
SPLIT2: 50 240 2 8
SPLIT2: 50 240 2 9
SPLIT2: 50 240 2 10
SPLIT2: 50 240 2 11
SPLIT2: 50 240 2 12
SPLIT2: 50 240 2 13
SPLIT2: 50 240 2 14
SPLIT2: 50 240 2 17
SPLIT2: 50 236 6 8
SPLIT2: 50 236 6 9
SPLIT2: 50 236 6 11
SPLIT2: 50 236 6 12
SPLIT2: 50 232 2 4
SPLIT2: 50 232 2 5
SPLIT2: 50 232 2 7
SPLIT2: 50 232 2 8
SPLIT2: 50 232 2 10
SPLIT2: 50 238 2 4
SPLIT2: 50 238 2 5
SPLIT2: 50 238 2 7
SPLIT2: 50 238 2 8
SPLIT2: 50 238 2 10
SPLIT2: 50 238 2 11
SPLIT2: 50 238 2 13
SPLIT2: 50 240 9 11
SPLIT2: 50 240 9 12
SPLIT2: 50 240 9 14
SPLIT2: 50 242 12 14
SPLIT2: 50 242 12 15
SPLIT2: 50 230 5 6
SPLIT2: 50 230 5 8
SPLIT2: 50 230 5 9
SPLIT2: 45 210 1 2
SPLIT2: 45 210 1 4
SPLIT2: 45 210 1 5
SPLIT2: 50 244 10 11
SPLIT2: 50 244 10 13
SPLIT2: 50 244 10 14
SPLIT2: 50 244 10 16
SPLIT2: 45 210 3 5
SPLIT2: 45 210 3 6
SPLIT2: 45 210 2 3
SPLIT2: 45 210 2 4
SPLIT2: 45 210 2 5
SPLIT2: 45 210 2 6
SPLIT2: 45 210 2 7
SPLIT2: 45 210 2 8
SPLIT2: 50 228 3 5
SPLIT2: 50 228 3 6
SPLIT2: 50 228 3 8
SPLIT3: 50 234 2 5 6
SPLIT2: 50 238 1 2
SPLIT2: 50 238 1 7
SPLIT2: 50 238 1 8
SPLIT3: 50 244 1 8 14
SPLIT3: 50 240 2 4 13
SPLIT3: 50 234 4 5 8
SPLIT3: 50 244 4 10 11
SPLIT3: 50 234 3 6 9
SPLIT3: 50 244 1 8 10
SPLIT3: 50 244 4 8 10
SPLIT3: 50 240 5 9 11
SPLIT3: 50 240 3 5 8
SPLIT3: 50 240 1 7 8
SPLIT3: 50 234 2 6 8
SPLIT3: 50 242 6 9 14
SPLIT3: 50 230 2 3 6
SPLIT3: 50 240 4 7 14
SPLIT3: 50 240 1 4 10
SPLIT3: 50 242 3 9 14
SPLIT3: 50 240 7 10 14
SPLIT3: 50 240 1 2 11
SPLIT3: 50 240 4 8 10
SPLIT3: 50 234 2 4 7
SPLIT3: 50 242 5 9 14
SPLIT3: 50 242 0 9 12
SPLIT3: 50 240 1 5 13
SPLIT3: 50 242 6 8 9
SPLIT3: 50 244 4 7 10
SPLIT3: 50 240 3 5 12
SPLIT3: 50 236 6 9 11
SPLIT3: 50 242 0 8 12
SPLIT3: 50 240 2 5 6
SPLIT3: 50 244 1 10 11
SPLIT3: 50 240 2 4 10
SPLIT3: 50 238 1 8 10
SPLIT3: 50 242 0 8 11
SPLIT3: 50 244 4 5 10
SPLIT3: 50 242 0 3 12
SPLIT3: 50 232 2 4 5
SPLIT3: 50 232 4 5 7
SPLIT3: 50 242 2 6 11
SPLIT3: 50 240 1 4 13
SPLIT3: 50 240 4 7 11
SPLIT3: 50 240 2 4 7
SPLIT3: 50 240 1 8 10
SPLIT3: 50 242 2 9 15
SPLIT3: 50 232 2 5 7
SPLIT3: 50 242 6 11 14
SPLIT3: 50 242 2 9 12
SPLIT3: 50 244 1 11 14
SPLIT3: 50 240 4 5 8
SPLIT3: 50 234 2 6 9
SPLIT3: 50 240 1 2 7
SPLIT3: 50 242 2 3 5
SPLIT3: 50 240 1 7 11
SPLIT3: 50 242 0 8 14
SPLIT3: 50 238 2 4 5
SPLIT3: 50 238 4 8 10
SPLIT3: 50 242 3 5 8
SPLIT3: 50 240 2 4 11
SPLIT3: 50 240 4 7 13
SPLIT3: 50 238 1 2 4
SPLIT3: 50 240 2 8 10
SPLIT3: 50 242 0 5 11
SPLIT3: 50 242 0 2 14
SPLIT2: 50 226 1 2
SPLIT3: 50 242 3 6 8
SPLIT3: 50 240 4 5 10
SPLIT3: 50 238 4 5 8
SPLIT2: 50 232 1 4
SPLIT2: 50 238 1 4
SPLIT3: 50 242 5 8 9
SPLIT3: 50 240 1 5 11
SPLIT3: 50 242 5 6 8
SPLIT3: 50 240 2 3 9
SPLIT3: 50 244 4 11 16
SPLIT3: 50 240 4 5 7
SPLIT3: 50 240 4 8 13
SPLIT3: 50 242 0 6 14
SPLIT5: 50 242 5 6 8 9
SPLIT5: 50 244 4 7 10 11
SPLIT5: 50 240 0 3 6 8
SPLIT5: 50 236 2 5 6 9
SPLIT5: 50 240 4 5 10 11
SPLIT5: 50 244 1 2 7 14
SPLIT5: 50 244 2 8 13 14
SPLIT5: 50 242 2 3 5 12
SPLIT5: 50 244 2 7 11 14
SPLIT5: 50 244 2 7 10 11
SPLIT5: 50 244 1 2 11 14
SPLIT5: 50 244 2 11 13 14
SPLIT5: 50 244 2 4 5 14
SPLIT5: 50 244 1 4 14 16
SPLIT5: 50 240 1 7 11 14
SPLIT5: 50 240 2 4 10 11
SPLIT5: 50 242 0 2 14 15
SPLIT5: 50 244 1 4 10 11
SPLIT5: 50 240 0 5 12 14
SPLIT5: 50 240 2 4 11 16
SPLIT5: 50 240 0 3 8 9
SPLIT5: 50 240 4 5 7 11
SPLIT5: 50 236 2 5 9 12
SPLIT5: 50 244 1 2 10 14
SPLIT5: 50 240 4 7 11 13
SPLIT5: 50 242 3 5 8 15
SPLIT5: 50 244 1 2 4 14
SPLIT5: 50 236 0 5 9 11
SPLIT5: 50 244 4 5 10 11
SPLIT5: 50 240 2 3 9 12
SPLIT5: 50 240 4 5 7 8
SPLIT5: 50 240 0 3 5 8
SPLIT5: 50 244 1 2 7 11
SPLIT5: 50 240 3 5 8 9
SPLIT5: 50 244 1 4 8 13
SPLIT5: 50 240 0 9 11 14
SPLIT5: 50 244 7 8 11 13
SPLIT5: 50 236 2 5 6 11
SPLIT5: 50 244 1 4 11 13
SPLIT6: 50 240 0 3 5 8 9
SPLIT5: 50 244 2 5 10 11
SPLIT5: 50 240 1 2 7 11
SPLIT5: 50 234 2 6 9 11
SPLIT5: 50 240 4 5 10 14
SPLIT5: 50 244 2 11 13 16
SPLIT5: 50 244 1 2 4 8
SPLIT6: 50 244 1 2 7 11 13
SPLIT5: 50 244 1 5 7 11
SPLIT6: 50 244 1 4 11 13 16
SPLIT5: 50 244 1 5 8 10
SPLIT5: 50 234 0 6 8 9
SPLIT5: 50 236 0 2 3 5
SPLIT5: 50 234 0 2 6 11
SPLIT6: 50 244 4 7 10 11 14
SPLIT6: 50 240 0 3 8 9 11
SPLIT6: 50 244 1 5 7 11 14
SPLIT5: 50 244 1 2 4 10
SPLIT6: 50 234 2 6 9 11 12
SPLIT6: 50 240 2 3 9 12 14
SPLIT5: 50 242 3 6 8 15
SPLIT6: 50 236 0 2 3 5 9
SPLIT6: 50 244 4 7 10 11 16
SPLIT5: 50 240 0 2 5 6
SPLIT5: 50 244 2 11 14 16
SPLIT5: 50 244 2 5 7 11
SPLIT6: 50 244 2 11 13 14 16
SPLIT5: 50 244 2 4 10 16
SPLIT5: 50 240 0 6 11 12
SPLIT5: 50 244 5 8 11 13
SPLIT6: 50 244 1 4 10 11 14
SPLIT5: 50 244 2 4 11 17
SPLIT6: 50 236 2 5 6 9 11
SPLIT5: 50 244 5 11 16 19
SPLIT5: 50 244 1 5 13 16
SPLIT5: 50 236 2 3 8 9
SPLIT5: 50 240 0 5 8 12
SPLIT5: 50 234 0 5 6 9
SPLIT6: 50 244 1 2 4 8 16
SPLIT5: 50 244 2 7 8 16
SPLIT6: 50 244 1 4 10 11 13
SPLIT5: 50 240 0 3 8 11
SPLIT5: 50 244 2 10 11 14
SPLIT5: 50 240 1 7 11 13
SPLIT5: 50 240 2 8 10 13
SPLIT5: 50 240 7 10 14 17
SPLIT5: 50 244 1 10 11 14
SPLIT5: 50 244 1 11 14 16
SPLIT5: 50 234 1 5 7 10
SPLIT5: 50 236 2 8 9 11
SPLIT5: 50 244 1 7 10 11
SPLIT5: 50 244 2 5 11 16
SPLIT5: 50 240 2 5 6 14
SPLIT6: 50 244 2 5 10 11 16
SPLIT6: 50 244 2 7 11 14 16
SPLIT5: 50 230 0 3 5 8
SPLIT6: 50 240 0 3 8 9 12
SPLIT5: 50 240 2 4 7 13
SPLIT5: 50 234 0 5 6 8
SPLIT5: 50 236 0 6 9 12
SPLIT6: 50 242 3 5 8 15 17
SPLIT5: 50 240 0 2 12 14
SPLIT5: 50 240 0 3 9 12
SPLIT6: 50 244 1 2 10 14 16
SPLIT6: 50 240 0 5 12 14 17
SPLIT5: 50 240 6 8 9 11
SPLIT6: 50 240 0 3 5 8 12
SPLIT6: 50 244 1 4 8 13 16
SPLIT5: 50 240 8 9 11 14
SPLIT6: 50 236 2 5 9 12 14
SPLIT6: 50 244 1 2 11 14 16
SPLIT5: 50 238 1 2 4 11
SPLIT5: 50 240 1 8 10 13
SPLIT5: 50 238 2 4 5 7
SPLIT6: 50 242 5 6 8 9 14
SPLIT5: 50 234 0 3 6 11
SPLIT6: 50 244 2 5 7 11 14
SPLIT5: 50 244 2 4 7 16
SPLIT5: 50 242 2 9 12 14
SPLIT6: 50 242 2 3 5 12 14
SPLIT6: 50 236 2 5 6 9 12
SPLIT5: 50 236 6 9 11 12
SPLIT6: 50 240 4 5 7 11 14
SPLIT5: 50 244 1 4 8 16
SPLIT5: 50 236 0 5 11 12
SPLIT5: 50 244 1 2 10 16
SPLIT5: 50 236 0 3 9 12
SPLIT5: 50 240 0 2 9 15
SPLIT5: 50 244 2 4 8 11
SPLIT6: 50 240 2 3 9 12 17
SPLIT5: 50 244 1 2 13 16
SPLIT5: 50 240 4 7 14 17
SPLIT5: 50 236 2 3 12 14
SPLIT6: 50 240 0 2 5 6 9
SPLIT6: 50 244 4 5 10 11 13
SPLIT5: 50 244 5 8 13 16
SPLIT6: 50 242 5 6 8 9 11
SPLIT5: 50 240 0 2 8 9
SPLIT5: 50 244 2 7 14 17
SPLIT5: 50 242 0 6 14 17
SPLIT5: 50 244 2 7 11 17
SPLIT5: 50 242 5 6 8 11
SPLIT5: 50 244 1 2 8 16
SPLIT5: 50 244 1 4 10 13
SPLIT6: 50 244 2 10 11 14 16
SPLIT5: 50 244 5 13 14 16
SPLIT6: 50 242 5 6 8 9 15
SPLIT6: 50 244 2 4 7 16 19
SPLIT5: 50 230 3 5 8 9
SPLIT5: 50 236 0 6 9 11
SPLIT6: 50 244 1 4 11 13 14
SPLIT5: 50 244 1 2 4 13
SPLIT5: 50 244 4 10 11 16
SPLIT5: 50 240 0 2 5 8
SPLIT5: 50 244 1 4 16 19
SPLIT5: 50 236 2 3 5 8
SPLIT5: 50 240 2 4 11 13
SPLIT5: 50 240 0 3 12 14
SPLIT5: 50 240 0 2 11 14
SPLIT5: 50 240 4 5 7 10
SPLIT6: 50 240 0 5 12 14 15
SPLIT5: 50 244 1 5 14 16
SPLIT5: 50 240 1 7 11 16
SPLIT5: 50 244 2 5 7 14
SPLIT5: 50 244 1 5 10 14
SPLIT5: 50 244 1 7 8 13
SPLIT5: 50 242 0 3 12 14
SPLIT5: 50 242 3 9 14 15
SPLIT5: 50 240 0 2 14 17
SPLIT5: 50 230 0 3 5 9
SPLIT6: 50 244 2 4 10 16 17
SPLIT5: 50 240 4 5 8 10
SPLIT5: 50 230 0 3 5 6
SPLIT5: 50 244 7 10 11 14
SPLIT5: 50 244 2 4 16 17
SPLIT6: 50 242 2 3 5 12 15
SPLIT5: 50 236 0 6 11 12
SPLIT5: 50 244 5 7 14 16
SPLIT6: 50 244 1 5 8 10 11
SPLIT5: 50 236 0 5 6 9
SPLIT5: 50 240 1 4 10 14
SPLIT5: 50 240 4 5 8 14
SPLIT5: 50 236 2 6 8 9
SPLIT6: 50 240 0 9 11 14 15
SPLIT6: 50 240 0 2 5 6 14
SPLIT5: 50 242 3 5 8 12
SPLIT5: 50 244 1 4 7 11
SPLIT5: 50 234 0 3 5 6
SPLIT6: 50 244 1 5 8 10 14
SPLIT5: 50 236 0 2 3 8
SPLIT5: 50 244 2 5 7 10
SPLIT5: 50 240 0 2 9 14
SPLIT5: 50 244 1 8 10 16
SPLIT5: 50 240 0 3 9 11
SPLIT6: 50 236 0 2 3 5 14
SPLIT6: 50 244 2 4 5 14 16
SPLIT6: 50 244 1 2 7 14 16
SPLIT6: 50 242 2 3 5 12 17
SPLIT5: 50 240 0 2 5 12
SPLIT6: 50 242 2 9 12 14 15
SPLIT5: 50 236 0 2 6 12
SPLIT5: 50 242 5 6 8 14
SPLIT5: 50 242 3 6 8 9
SPLIT6: 50 244 1 2 4 10 16
SPLIT5: 50 244 1 5 10 16
SPLIT5: 50 240 0 5 8 9
SPLIT5: 50 234 2 6 9 12
SPLIT5: 50 244 1 2 7 8
SPLIT5: 50 244 1 10 11 13
SPLIT5: 50 240 0 2 3 8
SPLIT5: 50 230 0 5 6 9
SPLIT5: 50 244 1 4 7 10
SPLIT5: 50 244 2 4 8 13
SPLIT5: 50 244 1 2 4 5
SPLIT5: 50 244 1 4 8 10
SPLIT5: 50 238 1 2 4 8
SPLIT5: 50 240 0 11 12 14
SPLIT5: 50 240 0 5 9 14
SPLIT5: 50 244 1 2 11 19
SPLIT5: 50 228 0 3 5 6
SPLIT5: 50 236 0 2 8 9
SPLIT5: 50 240 8 11 13 14
SPLIT5: 50 244 2 5 10 16
SPLIT5: 50 244 1 5 10 11
SPLIT6: 50 242 5 6 8 11 14
SPLIT6: 50 240 6 8 9 11 14
SPLIT6: 50 244 2 4 8 11 13
SPLIT5: 50 240 0 3 5 9
SPLIT5: 50 244 5 7 11 14
SPLIT6: 50 244 1 2 4 13 16
SPLIT5: 50 236 2 5 9 14
SPLIT5: 50 240 2 4 7 11
SPLIT5: 50 242 5 8 9 14
SPLIT6: 50 244 1 2 8 16 17
SPLIT5: 50 244 1 2 7 10
SPLIT5: 50 234 2 5 6 11
SPLIT5: 50 244 1 4 5 8
SPLIT5: 50 244 2 5 10 14
SPLIT5: 50 234 0 6 11 14
SPLIT6: 50 240 0 2 8 9 12
SPLIT5: 50 242 2 3 5 9
SPLIT5: 50 232 2 4 5 7
SPLIT5: 50 238 2 4 5 10
SPLIT5: 50 240 4 8 10 11
SPLIT6: 50 244 1 5 8 10 13
SPLIT6: 50 236 0 5 6 9 11
SPLIT6: 50 244 1 5 14 16 19
SPLIT6: 50 244 1 4 7 10 11
SPLIT5: 50 244 4 8 10 11
SPLIT6: 50 236 2 3 5 8 12
SPLIT5: 50 236 2 6 8 11
SPLIT5: 50 240 4 7 13 14
SPLIT5: 50 244 1 5 7 14
SPLIT6: 50 242 3 5 8 15 18
SPLIT6: 50 242 3 6 8 15 18
SPLIT5: 50 234 1 5 10 11
SPLIT6: 50 240 0 2 3 8 12
SPLIT5: 50 240 0 2 3 9
SPLIT5: 50 244 2 4 5 7
SPLIT5: 50 236 0 3 5 14
SPLIT6: 50 236 0 5 6 9 12
SPLIT5: 50 242 2 6 11 15
SPLIT5: 50 232 2 4 5 10
SPLIT5: 50 230 0 2 5 6
SPLIT5: 50 240 0 6 9 11
SPLIT5: 50 244 1 2 4 17
SPLIT2: 50 236 3 6
SPLIT2: 50 234 1 2
SPLIT2: 50 222 2 4
SPLIT3: 50 240 2 4 5
SPLIT3: 50 238 2 4 7
SPLIT3: 50 240 1 5 7
SPLIT3: 50 242 2 6 9
SPLIT3: 50 238 2 4 8
SPLIT3: 50 244 4 7 11
SPLIT3: 50 240 1 4 11
SPLIT3: 50 240 2 6 8
SPLIT3: 50 242 2 3 8
SPLIT3: 50 242 0 5 12
SPLIT3: 50 240 3 5 9
SPLIT3: 50 240 2 4 8
SPLIT3: 50 238 4 7 8
SPLIT3: 50 242 5 9 11
SPLIT3: 50 242 3 8 9
SPLIT3: 50 242 0 6 9
SPLIT3: 50 242 2 5 12
SPLIT3: 50 240 7 8 11
SPLIT3: 50 240 1 8 11
SPLIT3: 50 240 1 4 8
SPLIT3: 50 234 3 5 6
SPLIT3: 50 242 3 5 15
SPLIT3: 50 240 5 7 11
SPLIT3: 50 240 2 9 12
SPLIT3: 50 240 4 5 11
SPLIT5: 50 240 6 11 12 14
SPLIT5: 50 240 1 5 13 14
SPLIT6: 50 244 1 4 5 8 14
SPLIT2: 50 234 0 2
SPLIT2: 50 242 0 2
SPLIT2: 50 234 0 5
SPLIT2: 50 236 0 3
SPLIT2: 50 234 0 3
SPLIT2: 50 242 0 9
SPLIT2: 50 242 0 11
SPLIT2: 50 240 0 3
SPLIT2: 50 242 0 8
SPLIT2: 50 240 0 8
SPLIT2: 50 240 0 2
SPLIT2: 50 222 0 2
SPLIT3: 50 242 2 9 11
SPLIT6: 50 240 1 2 7 11 13
SPLIT5: 50 244 1 4 11 16
SPLIT2: 50 240 0 9
SPLIT5: 50 236 2 3 6 8
SPLIT6: 50 244 1 2 7 8 14
SPLIT3: 50 240 2 6 11
SPLIT3: 50 240 2 7 10
SPLIT3: 50 242 3 5 12
SPLIT5: 50 244 1 5 10 13
SPLIT3: 50 240 7 13 14
SPLIT6: 50 244 2 5 7 10 14
SPLIT3: 50 232 5 7 8
SPLIT6: 50 234 0 5 6 9 11
SPLIT3: 50 228 1 4 5
SPLIT5: 50 236 0 2 5 14
SPLIT5: 50 240 2 3 9 17
SPLIT5: 50 244 2 7 8 13
SPLIT5: 50 236 0 2 5 11
SPLIT6: 50 240 2 4 7 13 14
SPLIT5: 50 244 2 7 11 16
SPLIT5: 50 240 0 3 5 6
SPLIT5: 50 240 0 3 5 11
SPLIT6: 50 240 1 2 7 11 14
SPLIT5: 50 244 5 11 14 16
SPLIT5: 50 238 4 8 10 11
SPLIT6: 50 244 1 4 5 8 13
SPLIT5: 50 238 1 2 4 13
SPLIT5: 50 244 1 7 8 14
SPLIT2: 50 228 0 5
SPLIT5: 50 240 1 2 11 14
SPLIT2: 50 226 2 7
SPLIT2: 44 204 0 2
SPLIT3: 50 242 2 14 15
SPLIT5: 50 244 1 4 10 14
SPLIT3: 50 240 2 8 13
SPLIT6: 50 244 2 4 8 13 16
SPLIT2: 44 206 2 5
SPLIT2: 50 230 0 5
SPLIT3: 50 240 4 5 13
SPLIT5: 50 244 1 8 10 14
SPLIT6: 50 244 2 4 8 13 14
SPLIT3: 50 238 1 7 8
SPLIT3: 50 238 1 7 11
SPLIT3: 50 234 2 3 9
SPLIT3: 50 236 3 6 11
SPLIT5: 50 242 0 6 9 14
SPLIT2: 50 230 0 9
SPLIT3: 50 236 3 6 12
SPLIT2: 50 236 0 2
SPLIT3: 50 234 1 2 5
SPLIT3: 50 244 4 11 14
SPLIT2: 50 220 4 5
SPLIT5: 50 240 1 2 7 13
SPLIT3: 50 236 6 8 9
SPLIT5: 50 236 0 5 9 12
SPLIT3: 50 238 1 2 7
SPLIT5: 50 244 2 4 7 10
SPLIT5: 50 240 0 3 11 14
SPLIT6: 50 244 2 7 10 11 14
SPLIT2: 50 224 0 3
SPLIT5: 50 244 1 2 16 17
SPLIT5: 50 242 0 5 11 15
SPLIT5: 50 240 3 5 9 14
SPLIT5: 50 244 5 10 13 14
SPLIT3: 50 234 2 8 11
SPLIT5: 50 238 4 7 8 14
SPLIT6: 50 244 1 2 7 10 14
SPLIT6: 50 240 0 3 9 12 14
SPLIT3: 50 242 5 11 15
SPLIT5: 50 240 0 2 9 11
SPLIT3: 50 242 5 14 15
SPLIT6: 50 240 0 3 8 11 14
SPLIT6: 50 244 2 4 5 7 16
SPLIT6: 50 244 1 4 5 8 10
SPLIT5: 50 240 1 2 7 10
SPLIT5: 50 244 1 4 5 14
SPLIT6: 50 244 1 2 4 5 11
SPLIT3: 50 234 5 6 9
SPLIT2: 50 224 3 6
SPLIT5: 50 234 2 4 7 10
SPLIT5: 50 244 1 4 5 11
SPLIT6: 50 244 1 4 11 16 17
SPLIT3: 50 240 7 10 11
SPLIT3: 50 228 2 5 8
SPLIT3: 50 236 3 6 8
SPLIT3: 50 244 10 14 16
SPLIT6: 50 244 2 4 5 7 11
SPLIT3: 50 238 2 4 10
SPLIT3: 50 234 2 4 5
SPLIT5: 50 242 5 9 14 15
SPLIT6: 50 244 2 5 7 10 11
SPLIT3: 50 240 1 5 14
SPLIT6: 50 244 4 10 11 16 17
SPLIT3: 50 242 3 6 15
SPLIT2: 50 226 5 7
SPLIT5: 50 228 1 4 5 8
SPLIT5: 50 230 0 6 9 11
SPLIT5: 50 240 6 8 11 14
SPLIT3: 50 234 6 8 9
SPLIT2: 50 226 4 7
SPLIT3: 50 242 5 9 15
SPLIT2: 44 208 1 5
SPLIT2: 50 230 0 3
SPLIT2: 50 222 1 5
SPLIT3: 50 234 5 10 11
SPLIT5: 50 242 3 6 8 11
SPLIT2: 46 210 4 5
SPLIT2: 50 222 3 5
SPLIT3: 50 244 4 7 16
SPLIT5: 50 244 2 4 11 14
SPLIT3: 50 242 2 5 11
SPLIT5: 50 242 2 5 12 15
SPLIT3: 50 240 2 5 14
SPLIT3: 50 240 2 11 12
SPLIT6: 50 244 2 4 5 7 14
SPLIT2: 45 204 1 2
SPLIT2: 44 204 0 3
SPLIT3: 50 244 4 5 8
SPLIT6: 50 244 1 2 4 5 14
SPLIT5: 50 240 2 4 5 8
SPLIT6: 50 240 4 5 8 10 11
SPLIT3: 50 244 8 14 16
SPLIT3: 50 240 1 2 4
SPLIT5: 50 240 2 4 7 14
SPLIT5: 50 242 3 8 9 15
SPLIT3: 50 222 2 4 5
SPLIT5: 50 238 4 7 8 13
SPLIT6: 50 244 1 2 7 8 16
SPLIT2: 50 228 0 2
SPLIT3: 50 240 7 8 10
SPLIT3: 50 234 1 2 8
SPLIT5: 50 242 2 9 11 12
SPLIT3: 50 236 3 6 9
SPLIT2: 50 236 0 12
SPLIT2: 46 214 1 7
SPLIT2: 45 208 1 4
SPLIT3: 50 230 2 9 11
SPLIT6: 50 244 1 2 7 10 16
SPLIT3: 50 244 10 11 13
SPLIT3: 50 238 2 7 8
SPLIT3: 50 240 3 8 14
SPLIT5: 50 240 1 4 8 13
SPLIT5: 50 240 0 5 6 8
SPLIT5: 50 242 3 8 9 12
SPLIT2: 46 212 0 5
SPLIT3: 50 242 5 6 14
SPLIT3: 50 230 5 6 8
SPLIT5: 50 238 2 4 7 10
SPLIT6: 50 244 1 2 4 8 13
SPLIT5: 50 240 6 8 9 12
SPLIT5: 50 240 5 7 11 14
SPLIT6: 50 244 5 11 14 16 19
SPLIT2: 50 234 0 8
SPLIT5: 50 240 4 5 8 13
SPLIT6: 50 240 2 4 11 13 14
SPLIT6: 50 244 1 7 8 13 14
SPLIT3: 50 232 2 4 10
SPLIT6: 50 240 0 5 9 14 15
SPLIT3: 50 242 8 11 15
SPLIT3: 50 240 5 9 12
SPLIT3: 50 224 0 3 5
SPLIT5: 50 240 2 9 12 17
SPLIT2: 50 236 0 11
SPLIT5: 50 240 1 8 10 14
SPLIT3: 50 234 4 7 10
SPLIT2: 50 238 5 8
SPLIT3: 50 234 5 6 8
SPLIT3: 50 240 2 12 14
SPLIT5: 50 240 1 5 11 14
SPLIT3: 50 244 8 10 13
SPLIT3: 50 242 2 9 17
SPLIT5: 50 234 6 8 9 11
SPLIT6: 50 240 0 2 9 14 15
SPLIT2: 50 230 0 2
SPLIT5: 50 234 2 4 7 11
SPLIT2: 50 240 0 5
SPLIT3: 50 244 4 7 14
SPLIT2: 50 226 2 4
SPLIT2: 50 238 1 5
SPLIT3: 50 240 1 2 14
SPLIT5: 50 242 6 8 9 11
SPLIT3: 50 242 3 6 11
SPLIT2: 50 240 0 6
SPLIT3: 50 244 4 5 7
SPLIT5: 50 234 2 3 9 11
SPLIT3: 50 240 2 5 11
SPLIT3: 50 242 2 5 6
SPLIT3: 50 240 2 3 12
SPLIT5: 50 242 2 6 9 15
SPLIT5: 50 242 2 9 12 15
SPLIT2: 50 236 0 8
SPLIT3: 50 234 1 2 7
SPLIT5: 50 234 1 2 5 7
SPLIT5: 50 244 1 7 10 14
SPLIT6: 50 236 0 2 3 8 9
SPLIT2: 44 208 1 2
SPLIT3: 50 242 2 6 15
SPLIT5: 50 234 5 6 9 11
SPLIT2: 50 230 0 8
SPLIT3: 50 232 1 4 10
SPLIT5: 50 242 2 3 8 12
SPLIT5: 50 244 1 2 8 11
SPLIT3: 50 242 2 5 9
SPLIT5: 50 236 2 3 8 12
SPLIT6: 50 240 0 3 5 6 9
SPLIT5: 50 240 1 5 7 14
SPLIT6: 50 244 1 4 8 10 13
SPLIT3: 50 242 3 8 11
SPLIT3: 50 240 7 11 14
SPLIT5: 50 244 1 2 11 13
SPLIT5: 50 244 2 4 5 10
SPLIT5: 50 234 1 7 10 11
SPLIT5: 50 242 5 9 11 15
SPLIT3: 50 234 4 5 11
SPLIT2: 50 236 0 9
SPLIT6: 50 244 1 2 4 14 16
SPLIT3: 50 238 7 8 14
SPLIT5: 50 244 1 4 5 7
SPLIT3: 50 232 1 4 7
SPLIT2: 50 234 0 11
SPLIT5: 50 240 2 11 12 14
SPLIT5: 50 244 4 7 14 16
SPLIT3: 50 240 2 3 8
SPLIT6: 50 240 0 3 5 6 14
SPLIT6: 50 240 0 2 9 11 14
SPLIT2: 50 218 2 3
SPLIT5: 50 236 3 6 11 12
SPLIT3: 50 234 2 7 10
SPLIT3: 50 238 4 5 10
SPLIT5: 50 244 4 5 10 13
SPLIT3: 50 242 9 14 15
SPLIT3: 50 240 2 7 13
SPLIT3: 50 242 5 6 11
SPLIT3: 50 240 5 9 14
SPLIT3: 50 242 0 5 9
SPLIT5: 50 244 2 10 14 16
SPLIT6: 50 244 2 4 7 10 16
SPLIT2: 50 224 2 6
SPLIT3: 50 240 5 6 12
SPLIT5: 50 240 4 5 7 14
SPLIT6: 50 242 6 8 9 11 14
SPLIT3: 50 226 1 2 4
SPLIT2: 44 206 2 3
SPLIT5: 50 240 2 6 8 9
SPLIT6: 50 238 4 8 10 11 13
SPLIT3: 50 234 3 5 8
SPLIT5: 50 240 0 2 6 11
SPLIT3: 50 240 5 10 11
SPLIT5: 50 240 2 7 10 17
SPLIT5: 50 242 0 5 11 12
SPLIT5: 50 236 3 6 8 12
SPLIT2: 44 208 4 5
SPLIT3: 50 242 5 9 12
SPLIT5: 50 240 1 8 10 11
SPLIT5: 50 244 1 7 11 14
SPLIT5: 50 244 2 7 13 14
SPLIT5: 50 240 1 8 11 14
SPLIT2: 44 204 2 3
SPLIT3: 50 240 3 6 9
SPLIT2: 44 206 0 2
SPLIT5: 50 242 5 8 9 11
SPLIT6: 50 244 2 7 8 13 16
SPLIT3: 50 240 3 12 14
SPLIT6: 50 244 2 4 11 14 19
SPLIT3: 50 234 1 2 4
SPLIT3: 50 242 2 12 14
SPLIT5: 50 240 1 5 11 13
SPLIT6: 50 244 1 4 5 11 16
SPLIT2: 50 234 0 6
SPLIT6: 50 240 0 2 12 14 15
SPLIT3: 50 242 0 8 9
SPLIT6: 50 238 4 7 8 13 14
SPLIT3: 50 236 6 11 12
SPLIT5: 50 244 5 11 13 16
SPLIT3: 50 240 2 6 12
SPLIT5: 50 240 0 2 5 14
SPLIT3: 50 238 1 4 10
SPLIT2: 46 206 0 2
SPLIT3: 50 240 1 10 11
SPLIT5: 50 240 1 5 14 16
SPLIT3: 50 240 4 10 11
SPLIT3: 50 228 2 4 5
SPLIT6: 50 240 0 5 8 9 15
SPLIT3: 50 234 5 6 11
SPLIT3: 50 228 1 2 8
SPLIT3: 50 242 5 12 14
SPLIT5: 50 240 0 6 8 9
SPLIT2: 50 242 0 3
SPLIT3: 50 228 2 3 6
SPLIT3: 50 228 1 5 8
SPLIT3: 50 238 1 8 14
SPLIT5: 50 244 1 4 8 11
SPLIT6: 50 240 2 8 10 13 14
SPLIT5: 50 242 0 5 9 15
SPLIT3: 50 238 2 4 11
SPLIT5: 50 238 2 4 8 13
SPLIT5: 50 244 2 4 7 8
SPLIT5: 50 240 2 4 5 11
SPLIT3: 50 240 5 6 8
SPLIT6: 50 244 1 10 11 13 14
SPLIT2: 44 208 2 5
SPLIT5: 50 240 2 9 12 15
SPLIT3: 50 234 2 7 8
SPLIT5: 50 242 2 6 9 12
SPLIT5: 50 244 1 2 5 11
SPLIT5: 50 244 1 2 5 16
SPLIT5: 50 240 0 2 3 14
SPLIT5: 50 240 2 9 12 14
SPLIT6: 50 244 4 5 10 11 14
SPLIT6: 50 240 4 5 7 11 16
SPLIT5: 50 244 1 5 7 16
SPLIT3: 50 244 1 13 14
SPLIT5: 50 240 0 2 6 12
SPLIT6: 50 244 1 4 7 11 14
SPLIT6: 50 240 0 2 3 8 14
SPLIT6: 50 240 2 6 8 9 11
SPLIT5: 50 234 1 2 8 13
SPLIT5: 50 242 2 5 12 17
SPLIT5: 50 240 5 10 11 14
SPLIT5: 50 240 1 2 4 14
SPLIT5: 50 238 1 7 11 13
SPLIT2: 50 236 3 5
SPLIT5: 50 238 2 4 5 8
SPLIT6: 50 240 0 2 5 6 11
SPLIT5: 50 242 0 8 14 15
SPLIT2: 46 210 2 7
SPLIT3: 50 234 5 8 10
SPLIT3: 50 242 0 2 5
SPLIT5: 50 238 1 2 4 7
SPLIT5: 50 242 3 8 11 14
SPLIT5: 50 234 4 7 10 11
SPLIT5: 50 242 2 9 11 15
SPLIT3: 50 234 5 8 11
SPLIT3: 50 240 4 7 10
SPLIT5: 50 240 4 7 11 14
SPLIT5: 50 242 0 6 14 15
SPLIT5: 50 236 0 2 3 9
SPLIT5: 50 232 1 4 10 11
SPLIT5: 50 242 2 5 6 14
SPLIT3: 50 244 4 5 16
SPLIT3: 50 238 1 4 8
SPLIT3: 50 240 2 13 14
SPLIT5: 50 240 2 3 8 12
SPLIT5: 50 238 1 2 7 11
SPLIT5: 50 238 4 5 8 10
SPLIT6: 50 240 4 5 7 10 11
SPLIT5: 50 242 5 12 14 15
SPLIT5: 50 240 7 13 14 17
SPLIT5: 50 234 5 6 8 11
SPLIT3: 50 240 5 10 14
SPLIT5: 50 242 0 8 9 11
SPLIT3: 50 244 4 8 14
SPLIT3: 50 240 2 10 13
SPLIT6: 50 240 0 5 8 9 11
SPLIT3: 50 240 7 10 13
SPLIT3: 50 242 3 6 9
SPLIT5: 50 242 2 9 12 17
SPLIT2: 50 234 1 4
SPLIT5: 50 238 2 7 8 10
SPLIT3: 45 210 2 4 7
SPLIT6: 50 238 2 4 8 13 16
SPLIT3: 50 240 10 13 14
SPLIT3: 50 240 2 10 11
SPLIT3: 50 240 3 5 14
SPLIT3: 50 242 0 5 6
SPLIT3: 50 242 0 3 5
SPLIT3: 50 240 4 8 11
SPLIT5: 50 242 0 8 12 14
SPLIT5: 50 240 2 5 11 16
SPLIT6: 50 240 4 5 8 13 14
SPLIT6: 50 240 2 4 7 13 16
SPLIT5: 50 240 1 2 4 16
SPLIT3: 50 242 0 3 11
SPLIT3: 50 244 10 13 14
SPLIT5: 50 242 2 5 6 9
SPLIT5: 50 240 1 4 11 13
SPLIT3: 50 230 2 8 9
SPLIT6: 50 240 0 5 8 9 14
SPLIT6: 50 242 5 8 9 11 15
SPLIT3: 50 240 1 7 14
SPLIT5: 50 238 2 7 8 14
SPLIT5: 50 240 5 10 11 13
SPLIT5: 50 242 0 5 9 14
SPLIT2: 50 224 2 3
SPLIT2: 50 220 2 4
SPLIT5: 50 238 2 7 8 11
SPLIT5: 50 244 4 5 7 11
SPLIT5: 50 234 1 2 4 10
SPLIT6: 50 240 6 11 12 14 17
SPLIT3: 50 240 7 11 16
SPLIT5: 50 240 1 2 7 16
SPLIT6: 50 234 1 2 5 7 11
SPLIT2: 46 212 2 5
SPLIT3: 50 242 11 14 15
SPLIT5: 50 242 0 6 9 11
SPLIT5: 50 236 3 6 8 11
SPLIT3: 50 242 3 5 14
SPLIT3: 50 232 2 4 8
SPLIT3: 50 240 4 7 8
SPLIT5: 50 242 2 6 9 14
SPLIT5: 50 240 7 8 11 13
SPLIT5: 50 244 2 11 16 19
SPLIT3: 50 242 2 8 15
SPLIT5: 50 230 3 5 6 8
SPLIT5: 50 244 1 4 11 17
SPLIT3: 50 228 2 4 8
SPLIT3: 50 238 1 2 8
SPLIT5: 50 242 2 9 11 14
SPLIT3: 50 240 4 11 13
SPLIT5: 50 240 2 7 10 14
SPLIT6: 50 240 4 7 13 14 17
SPLIT6: 50 238 1 2 4 7 13
SPLIT3: 50 240 2 6 9
SPLIT5: 50 242 2 6 9 11
SPLIT3: 50 236 5 6 9
SPLIT5: 50 240 3 12 14 17
SPLIT2: 45 208 1 2
SPLIT5: 50 242 2 5 11 15
SPLIT5: 50 240 2 4 8 14
SPLIT5: 50 240 0 8 9 15
SPLIT2: 50 242 0 5
SPLIT3: 50 240 5 8 11
SPLIT5: 50 240 3 5 14 15
SPLIT6: 50 240 0 2 3 14 17
SPLIT3: 50 234 1 4 10
SPLIT6: 50 240 0 3 5 9 11
SPLIT3: 50 238 2 8 14
SPLIT5: 50 242 0 8 11 14
SPLIT3: 50 244 4 11 13
SPLIT3: 50 238 5 8 10
SPLIT5: 50 240 1 5 11 16
SPLIT5: 50 240 0 3 5 14
SPLIT6: 50 244 2 5 10 14 16
SPLIT5: 50 240 2 4 5 7
SPLIT3: 50 238 1 5 11
SPLIT3: 50 240 2 5 12
SPLIT3: 50 244 1 14 16
SPLIT3: 50 236 5 9 12
SPLIT6: 50 236 2 3 6 8 9
SPLIT3: 50 242 3 5 9
SPLIT5: 50 240 5 6 8 9
SPLIT6: 50 244 1 4 8 11 14
SPLIT5: 50 242 2 5 12 14
SPLIT6: 50 244 2 7 8 13 14
SPLIT5: 50 240 4 7 8 14
SPLIT3: 50 240 5 11 14
SPLIT5: 50 240 2 4 10 13
SPLIT6: 50 244 1 2 8 11 16
SPLIT6: 50 244 4 5 7 11 16
SPLIT6: 50 240 4 5 7 8 10
SPLIT6: 50 240 0 2 5 14 15
SPLIT3: 50 240 1 10 13
SPLIT5: 50 232 1 4 7 10
SPLIT3: 50 232 1 4 5
SPLIT3: 50 240 3 5 6
SPLIT5: 50 240 2 6 9 15
SPLIT5: 50 242 0 8 11 15
SPLIT6: 50 240 0 2 5 14 17
SPLIT3: 50 236 3 5 9
SPLIT5: 50 242 2 12 14 15
SPLIT3: 50 240 3 11 12
SPLIT5: 50 238 2 4 7 11
SPLIT3: 50 240 1 7 10
SPLIT2: 44 204 1 4
SPLIT3: 50 242 6 9 12
SPLIT6: 50 244 1 4 5 11 19
SPLIT5: 50 240 2 4 8 11
SPLIT3: 50 238 8 10 14
SPLIT3: 50 240 11 13 14
SPLIT5: 50 244 1 2 7 13
SPLIT5: 50 240 4 7 8 11
SPLIT3: 50 240 7 14 17
SPLIT5: 50 240 2 4 5 14
SPLIT5: 50 240 1 8 11 13
SPLIT5: 50 244 2 8 11 16
SPLIT2: 46 212 0 3
SPLIT3: 50 242 9 11 15
SPLIT5: 50 240 0 2 8 12
SPLIT6: 50 244 2 5 10 16 17
SPLIT5: 50 234 0 3 6 9
SPLIT6: 50 240 0 2 3 9 12
SPLIT6: 50 240 0 5 6 8 11
SPLIT3: 50 234 1 4 11
SPLIT3: 50 238 1 2 11
SPLIT5: 50 238 1 4 10 11
SPLIT3: 50 240 1 2 5
SPLIT6: 50 244 1 2 5 11 16
SPLIT3: 45 210 1 2 4
SPLIT6: 50 240 2 4 5 11 14
SPLIT5: 50 242 6 8 9 15
SPLIT3: 50 240 9 11 14
SPLIT6: 50 238 4 5 8 10 13
SPLIT3: 50 240 2 5 8
SPLIT2: 50 236 0 5
SPLIT6: 50 244 1 2 4 5 16
SPLIT6: 50 244 1 2 4 10 14
SPLIT3: 50 240 1 7 13
SPLIT2: 46 212 2 3
SPLIT3: 50 244 4 5 11
SPLIT6: 50 244 5 8 11 13 14
SPLIT3: 50 242 8 12 14
SPLIT3: 50 240 9 11 12
SPLIT3: 50 242 9 11 12
SPLIT3: 50 238 1 7 13
SPLIT6: 50 240 0 2 5 8 12
SPLIT3: 50 240 11 12 14
SPLIT6: 50 238 1 2 4 7 8
SPLIT3: 50 228 4 5 8
SPLIT5: 50 244 4 5 8 13
SPLIT3: 50 222 0 2 5
SPLIT3: 50 240 5 7 10
SPLIT5: 50 244 1 4 11 14
SPLIT5: 50 240 3 5 6 9
SPLIT5: 50 244 8 10 13 14
SPLIT3: 50 228 2 7 8
SPLIT6: 50 240 1 8 10 13 14
SPLIT5: 50 234 1 2 5 11
SPLIT3: 50 240 2 5 7
SPLIT5: 50 240 1 5 7 10
SPLIT5: 50 228 0 3 6 8
SPLIT6: 50 244 2 7 13 14 16
SPLIT2: 50 234 0 9
SPLIT3: 50 238 2 8 11
SPLIT3: 50 242 0 5 15
SPLIT5: 50 242 5 9 12 17
SPLIT3: 50 240 7 10 17
SPLIT5: 50 240 3 5 8 12
SPLIT5: 50 242 3 5 9 14
SPLIT5: 50 234 4 5 11 14
SPLIT3: 50 238 1 4 13
SPLIT5: 50 242 0 2 5 8
SPLIT3: 50 238 2 5 8
SPLIT5: 50 238 1 4 8 13
SPLIT5: 50 238 1 2 7 13
SPLIT6: 50 240 0 3 5 9 12
SPLIT6: 50 240 0 3 5 14 15
SPLIT6: 50 240 1 2 4 14 16
SPLIT3: 50 236 3 5 12
SPLIT3: 50 242 5 6 12
SPLIT2: 50 224 0 6
SPLIT5: 50 240 2 5 6 9
SPLIT6: 50 244 1 4 8 11 19
SPLIT5: 50 240 1 7 8 11
SPLIT5: 50 234 1 2 8 11
SPLIT5: 50 242 2 3 5 15
SPLIT5: 50 240 1 7 10 14
SPLIT3: 50 240 3 6 12
SPLIT3: 50 238 7 8 10
SPLIT5: 50 240 4 7 8 13
SPLIT6: 50 244 4 5 8 13 16
SPLIT3: 50 242 5 8 12
SPLIT3: 50 240 4 8 14
SPLIT5: 50 240 1 7 10 11
SPLIT3: 50 242 2 5 8
SPLIT5: 50 242 2 5 6 15
SPLIT6: 50 238 2 4 5 8 10
SPLIT2: 44 206 2 6
SPLIT3: 50 240 2 10 14
SPLIT3: 50 242 0 2 6
SPLIT5: 50 238 1 4 10 13
SPLIT3: 50 238 2 11 13
SPLIT5: 50 244 4 5 16 19
SPLIT3: 50 238 1 5 13
SPLIT5: 50 238 2 4 8 11
SPLIT2: 50 228 0 6
SPLIT3: 50 242 3 9 11
SPLIT5: 50 240 1 4 11 16
SPLIT3: 45 210 2 4 5
SPLIT6: 50 244 1 4 5 8 11
SPLIT5: 50 244 2 10 11 17
SPLIT5: 50 240 2 7 10 13
SPLIT5: 50 234 0 6 8 11
SPLIT3: 50 244 1 10 14
SPLIT3: 50 244 4 8 16
SPLIT5: 50 238 2 4 11 13
SPLIT3: 50 242 5 8 11
SPLIT3: 50 224 0 3 6
SPLIT3: 50 242 6 14 15
SPLIT3: 50 242 0 3 8
SPLIT5: 50 242 3 5 14 15
SPLIT3: 50 244 1 11 13
SPLIT5: 50 240 7 8 11 14
SPLIT6: 50 242 3 6 8 9 14
SPLIT5: 50 234 1 2 7 11
SPLIT5: 50 244 4 5 7 16
SPLIT3: 50 242 2 6 12
SPLIT6: 50 242 0 6 9 14 15
SPLIT5: 50 234 1 2 4 5
SPLIT5: 50 244 1 4 7 14
SPLIT2: 44 204 2 4
SPLIT2: 50 242 0 6
SPLIT6: 50 244 1 4 8 10 14
SPLIT5: 50 240 4 7 10 14
SPLIT5: 50 242 0 5 6 11
SPLIT3: 50 240 2 3 5
SPLIT3: 50 234 4 8 10
SPLIT5: 50 240 5 8 11 13
SPLIT5: 50 240 3 5 6 8
SPLIT5: 50 244 7 11 13 14
SPLIT3: 45 210 2 5 7
SPLIT3: 50 234 1 4 7
SPLIT5: 50 242 3 6 11 15
SPLIT3: 50 242 2 9 14
SPLIT3: 50 240 2 4 14
SPLIT5: 50 244 4 11 14 19
SPLIT3: 50 234 3 9 11
SPLIT6: 50 240 4 7 11 14 16
SPLIT6: 50 240 0 5 6 8 14
SPLIT5: 50 240 5 9 11 14
SPLIT5: 50 244 4 5 8 11
SPLIT6: 50 240 4 7 11 14 17
SPLIT5: 50 240 2 12 14 17
SPLIT5: 50 244 4 5 11 19
SPLIT3: 50 242 0 3 6
SPLIT5: 50 240 0 5 6 9
SPLIT6: 50 242 2 5 6 9 14
SPLIT5: 50 240 2 6 12 14
SPLIT5: 50 240 2 6 9 17
SPLIT5: 50 244 1 11 13 16
SPLIT5: 50 236 0 5 6 12
SPLIT6: 50 242 3 8 9 15 18
SPLIT5: 50 240 4 11 13 16
SPLIT6: 50 244 1 4 7 14 16
SPLIT6: 50 236 2 6 8 9 11
SPLIT5: 50 244 2 8 11 14
SPLIT3: 50 240 3 5 11
SPLIT5: 50 242 0 2 6 14
SPLIT3: 50 240 1 4 5
SPLIT5: 50 240 2 6 8 12
SPLIT5: 50 244 1 2 5 14
SPLIT5: 50 240 4 10 11 16
SPLIT6: 50 244 1 7 10 14 16
SPLIT3: 50 240 3 6 11
SPLIT5: 50 240 1 2 5 14
SPLIT3: 50 230 6 9 11
SPLIT5: 50 240 2 5 7 10
SPLIT5: 50 242 0 5 6 12
SPLIT3: 50 228 1 2 4
SPLIT5: 50 240 0 5 8 14
SPLIT5: 50 236 0 2 5 9
SPLIT3: 50 244 8 13 16
SPLIT3: 50 240 1 5 8
SPLIT3: 50 240 11 14 16
SPLIT3: 45 210 1 2 7
SPLIT5: 50 244 2 4 7 11
SPLIT3: 50 244 4 10 13
SPLIT6: 50 236 0 2 8 9 12
SPLIT3: 50 240 9 14 17
SPLIT6: 50 240 0 2 5 8 9
SPLIT3: 50 240 2 3 6
SPLIT6: 50 242 3 6 8 11 14
SPLIT3: 50 228 2 5 7
SPLIT5: 50 242 0 2 5 9
SPLIT6: 50 244 1 2 7 13 14
SPLIT5: 50 236 3 5 9 12
SPLIT3: 50 240 5 6 9
SPLIT5: 50 240 2 5 8 12
SPLIT3: 50 240 4 10 14
SPLIT3: 50 238 1 4 5
SPLIT5: 50 242 2 3 8 14
SPLIT6: 50 240 1 8 10 11 13
SPLIT5: 50 234 1 2 7 10
SPLIT5: 50 240 2 5 7 16
SPLIT3: 46 212 0 3 6
SPLIT3: 50 232 1 4 8
SPLIT5: 50 242 6 8 9 14
SPLIT5: 50 242 3 6 9 15
SPLIT6: 50 240 0 2 9 11 15
SPLIT5: 50 240 2 5 8 13
SPLIT3: 50 232 4 10 11
SPLIT6: 50 240 1 4 11 13 14
SPLIT6: 50 244 7 8 11 13 14
SPLIT6: 50 242 0 6 9 14 20
SPLIT3: 50 242 8 11 14
SPLIT3: 50 244 10 11 16
SPLIT5: 50 240 2 4 7 8
SPLIT5: 50 242 2 5 9 15
SPLIT5: 50 234 1 4 7 8
SPLIT5: 50 242 3 5 12 17
SPLIT5: 50 240 0 9 12 14
SPLIT6: 50 238 2 4 7 10 13
SPLIT3: 50 244 4 14 16
SPLIT5: 50 236 3 5 12 14
SPLIT5: 50 242 3 5 9 11
SPLIT3: 50 238 2 5 10
SPLIT5: 50 240 0 2 3 5
SPLIT6: 50 240 1 2 7 10 11
SPLIT3: 50 238 7 8 13
SPLIT3: 50 230 2 3 5
SPLIT6: 50 244 1 4 5 11 13
SPLIT5: 50 234 1 4 7 14
SPLIT3: 50 242 5 8 15
SPLIT6: 50 240 1 8 11 13 14
SPLIT6: 50 244 1 4 5 7 11
SPLIT5: 50 240 4 7 8 10
SPLIT5: 50 240 1 4 10 11
SPLIT3: 50 242 0 3 9
SPLIT3: 50 240 3 6 14
SPLIT3: 50 238 8 10 13
SPLIT6: 50 244 1 4 10 14 16
SPLIT5: 50 240 2 4 11 14
SPLIT6: 50 244 2 8 11 16 17
SPLIT5: 50 242 6 9 12 15
SPLIT5: 50 242 2 6 12 14
SPLIT3: 50 238 1 4 11
SPLIT3: 50 242 3 14 15
SPLIT5: 50 240 2 6 9 11
SPLIT5: 50 242 2 5 6 11
SPLIT5: 50 240 3 8 14 15
SPLIT6: 50 240 2 9 12 14 17
SPLIT5: 50 242 5 6 8 15
SPLIT3: 50 244 4 13 16
SPLIT5: 50 240 2 5 12 14
SPLIT3: 50 240 2 5 9
SPLIT5: 50 242 3 6 8 14
SPLIT5: 50 240 5 7 10 11
SPLIT6: 50 242 0 5 9 14 15
SPLIT5: 50 240 1 5 8 13
SPLIT6: 50 242 0 2 5 9 15
SPLIT6: 50 240 0 5 6 9 15
SPLIT5: 50 242 8 11 14 15
SPLIT6: 50 242 2 6 9 14 15
SPLIT3: 50 242 5 6 9
SPLIT2: 44 206 0 5
SPLIT5: 50 244 4 5 7 14
SPLIT6: 50 240 2 4 10 11 14
SPLIT5: 50 240 4 8 10 14
SPLIT3: 50 240 3 9 11
SPLIT6: 50 240 2 9 12 14 15
SPLIT6: 50 244 1 4 8 10 11
SPLIT6: 50 244 4 5 8 11 16
SPLIT5: 50 240 7 8 10 14
SPLIT3: 50 234 5 7 10
SPLIT5: 50 230 2 3 6 9
SPLIT5: 50 242 2 5 9 11
SPLIT5: 50 240 2 6 11 12
SPLIT6: 50 240 0 6 11 12 14
SPLIT5: 50 240 2 6 11 14
SPLIT5: 50 238 7 8 10 13
SPLIT6: 50 244 1 5 10 13 16
SPLIT3: 50 242 0 9 11
SPLIT5: 50 238 1 4 5 8
SPLIT2: 50 236 0 14
SPLIT5: 50 242 2 5 9 12
SPLIT3: 50 238 5 8 13
SPLIT5: 50 240 0 8 14 15
SPLIT5: 50 238 2 8 11 13
SPLIT3: 50 242 0 2 8
SPLIT3: 50 238 1 5 8
SPLIT5: 50 244 4 11 13 14
SPLIT5: 50 242 0 3 8 11
SPLIT3: 50 226 2 7 8
SPLIT5: 50 234 1 2 4 7
SPLIT5: 50 238 2 4 8 10
SPLIT6: 50 240 3 5 8 9 14
SPLIT3: 50 224 2 3 6
SPLIT6: 50 240 1 4 10 11 14
SPLIT3: 50 240 3 9 14
SPLIT5: 50 236 0 5 6 14
SPLIT5: 50 242 2 9 14 15
SPLIT5: 50 236 6 11 12 14
SPLIT3: 50 230 2 5 6
SPLIT5: 50 240 7 10 13 14
SPLIT5: 50 240 4 5 7 13
SPLIT6: 50 240 1 2 7 10 14
SPLIT5: 50 244 5 10 13 16
SPLIT5: 50 240 4 5 11 16
SPLIT5: 50 234 3 5 6 9
SPLIT5: 50 230 0 2 5 12
SPLIT5: 50 234 1 4 7 10
SPLIT5: 50 242 5 8 12 15
SPLIT6: 50 240 5 7 10 11 14
SPLIT5: 50 240 0 5 9 12
SPLIT3: 50 240 1 2 8
SPLIT5: 50 242 5 8 9 12
SPLIT3: 50 240 2 9 14
SPLIT3: 50 244 4 7 8
SPLIT3: 50 242 2 8 9
SPLIT5: 50 240 5 6 9 11
SPLIT3: 50 240 2 8 11
SPLIT3: 50 238 7 8 11
SPLIT5: 50 242 0 2 8 9
SPLIT5: 50 242 0 8 9 14
SPLIT3: 50 242 0 2 12
SPLIT5: 50 240 4 11 13 14
SPLIT6: 50 238 2 4 5 7 10
SPLIT5: 50 242 3 9 11 14
SPLIT5: 50 238 7 8 13 14
SPLIT6: 50 240 0 9 12 14 15
SPLIT3: 50 242 0 3 14
SPLIT5: 50 240 0 9 14 15
SPLIT5: 50 242 0 3 5 8
SPLIT6: 50 236 0 2 5 9 11
SPLIT5: 50 240 2 10 11 14
SPLIT5: 50 238 1 5 8 11
SPLIT6: 50 238 1 2 4 8 11
SPLIT3: 50 242 6 9 15
SPLIT5: 50 230 2 3 5 8
SPLIT6: 50 242 0 8 9 11 15
SPLIT5: 50 244 5 10 11 13
SPLIT3: 50 240 1 4 7
SPLIT3: 50 240 1 13 14
SPLIT5: 50 244 4 5 11 14
SPLIT5: 50 244 4 5 10 14
SPLIT5: 50 238 2 4 7 14
SPLIT5: 50 244 1 2 7 16
SPLIT6: 50 244 1 4 11 14 19
SPLIT3: 50 238 5 8 11
SPLIT2: 46 212 0 6
SPLIT3: 50 224 2 6 9
SPLIT3: 50 242 2 3 12
SPLIT5: 50 244 7 8 13 16
SPLIT5: 50 238 1 4 8 10
SPLIT5: 50 240 1 5 7 11
SPLIT6: 50 244 1 2 4 5 7
SPLIT3: 50 234 2 6 11
SPLIT3: 50 242 2 3 14
SPLIT3: 50 238 1 8 11
SPLIT6: 50 242 0 3 8 11 14
SPLIT6: 50 240 0 2 5 12 15
SPLIT3: 50 240 2 7 11
SPLIT5: 50 240 2 3 6 11
SPLIT6: 50 238 2 4 8 13 14
SPLIT5: 50 244 7 11 14 16
SPLIT6: 50 242 0 2 5 8 14
SPLIT5: 50 242 3 6 11 14
SPLIT5: 50 234 2 6 8 9
SPLIT6: 50 240 3 5 8 12 14
SPLIT5: 50 238 4 5 10 11
SPLIT3: 50 244 4 5 14
SPLIT5: 50 238 1 5 8 14
SPLIT6: 50 242 2 6 9 15 17
SPLIT5: 50 240 4 5 11 14
SPLIT3: 50 242 5 6 15
SPLIT5: 50 240 1 2 8 11
SPLIT6: 50 244 2 7 11 16 17
SPLIT5: 50 234 1 8 11 13
SPLIT6: 50 244 1 4 10 13 14
SPLIT5: 50 236 3 6 9 11
SPLIT5: 50 242 3 6 9 11
SPLIT5: 50 242 5 9 11 14
SPLIT5: 50 244 1 2 4 11
SPLIT6: 50 240 4 5 10 11 14
SPLIT6: 50 242 2 6 12 14 15
SPLIT6: 50 240 2 5 12 14 15
SPLIT5: 50 240 1 10 11 13
SPLIT6: 50 240 0 3 8 9 14
SPLIT5: 50 236 5 9 12 14
SPLIT5: 50 242 5 9 11 12
SPLIT6: 50 242 2 6 9 12 14
SPLIT5: 50 240 5 7 10 14
SPLIT3: 50 240 4 5 14
SPLIT5: 50 238 8 10 13 14
SPLIT5: 50 244 1 4 10 16
SPLIT3: 50 240 2 7 8
SPLIT5: 50 240 2 4 5 13
SPLIT5: 50 244 5 7 10 14
SPLIT3: 50 238 2 7 13
SPLIT6: 50 242 0 8 9 11 14
SPLIT5: 50 240 2 5 9 14
SPLIT3: 50 234 4 8 13
SPLIT3: 50 242 5 11 12
SPLIT3: 50 240 10 11 13
SPLIT3: 50 232 4 7 8
SPLIT3: 50 242 0 2 9
SPLIT5: 50 240 3 9 14 17
SPLIT5: 50 236 2 5 9 11
SPLIT3: 50 242 0 6 8
SPLIT6: 50 244 2 4 8 11 14
SPLIT5: 50 236 0 3 5 9
SPLIT5: 50 240 1 4 8 14
SPLIT6: 50 244 1 2 4 11 19
SPLIT6: 50 240 1 5 7 10 14
SPLIT5: 50 244 10 11 13 14
SPLIT3: 50 236 5 12 14
SPLIT6: 50 240 2 6 11 12 14
SPLIT5: 50 234 0 3 6 8
SPLIT5: 50 240 2 3 6 12
SPLIT6: 50 242 3 6 8 9 15
SPLIT3: 50 244 4 10 16
SPLIT6: 50 242 3 8 9 12 15
SPLIT5: 50 240 3 5 9 12
SPLIT5: 50 240 9 11 12 14
SPLIT5: 50 242 0 2 5 6
SPLIT5: 50 242 5 8 15 18
SPLIT5: 50 240 2 9 14 17
SPLIT5: 50 242 2 5 8 12
SPLIT5: 50 240 3 6 12 14
SPLIT3: 50 238 10 13 14
SPLIT5: 50 242 0 9 12 14
SPLIT6: 50 244 4 5 7 14 16
SPLIT5: 50 240 1 2 7 8
SPLIT6: 50 244 1 4 8 11 13
SPLIT5: 50 240 2 4 7 16
SPLIT5: 50 240 2 5 8 10
SPLIT5: 50 240 0 5 6 11
SPLIT5: 50 244 10 13 14 16
SPLIT5: 50 240 1 2 4 8
SPLIT3: 50 238 4 8 14
SPLIT5: 50 244 1 5 8 14
SPLIT6: 50 244 1 2 4 11 16
SPLIT5: 50 238 1 5 8 13
SPLIT6: 50 242 0 5 6 11 15
SPLIT3: 50 238 8 13 14
SPLIT3: 50 240 5 11 12
SPLIT6: 50 240 0 3 5 6 11
SPLIT6: 50 240 3 5 6 8 11
SPLIT5: 50 240 3 6 9 12
SPLIT5: 50 240 2 3 5 9
SPLIT5: 50 240 3 6 11 12
SPLIT5: 50 242 6 11 14 15
SPLIT6: 50 244 1 11 14 16 19
SPLIT6: 50 244 1 2 8 11 14
SPLIT3: 50 226 2 4 5
SPLIT6: 50 244 1 2 4 10 11
SPLIT5: 50 240 2 5 9 11
SPLIT3: 50 230 5 8 9
SPLIT3: 50 242 0 6 12
SPLIT6: 50 244 1 4 8 13 14
SPLIT6: 50 242 2 3 5 9 14
SPLIT5: 50 242 5 6 14 15
SPLIT5: 50 240 2 7 8 13
SPLIT5: 50 244 7 8 11 14
SPLIT6: 50 240 0 5 9 14 17
SPLIT3: 50 234 1 4 8
SPLIT6: 50 240 1 2 8 11 13
SPLIT5: 50 242 0 3 8 15
SPLIT5: 50 240 3 5 8 14
SPLIT5: 50 242 0 3 14 15
SPLIT3: 50 240 1 5 10
SPLIT6: 50 244 1 8 10 14 16
SPLIT6: 50 242 2 3 5 9 12
SPLIT5: 50 242 0 9 11 15
SPLIT5: 50 242 5 6 9 15
SPLIT5: 50 242 2 3 8 15
SPLIT5: 50 244 4 8 10 13
SPLIT5: 50 240 1 2 8 13
SPLIT5: 50 242 0 6 9 15
SPLIT5: 50 242 0 3 5 12
SPLIT5: 50 240 5 9 12 14
SPLIT6: 50 244 2 5 7 10 16
SPLIT5: 50 244 5 7 10 16
SPLIT5: 50 244 1 5 8 11
SPLIT5: 50 236 0 2 3 12
SPLIT5: 50 238 1 2 8 11
SPLIT5: 50 244 4 7 11 16
SPLIT3: 50 242 8 9 12
SPLIT5: 50 238 2 5 8 10
SPLIT5: 50 232 1 4 5 8
SPLIT5: 50 244 8 10 13 16
SPLIT6: 50 242 0 5 6 12 14
SPLIT5: 50 244 1 5 8 13
SPLIT3: 50 234 1 2 11
SPLIT5: 50 238 1 5 11 13
SPLIT3: 50 242 0 2 11
SPLIT6: 50 234 1 2 4 5 7
SPLIT6: 50 240 2 4 7 11 16
SPLIT3: 50 240 5 12 14
SPLIT5: 50 242 0 2 5 14
SPLIT6: 50 230 0 2 5 6 9
SPLIT6: 50 234 1 4 7 10 11
SPLIT3: 50 240 7 8 13
SPLIT5: 50 240 4 8 13 14
SPLIT5: 50 242 0 6 12 15
SPLIT5: 50 240 1 4 7 14
SPLIT5: 50 238 1 5 13 14
SPLIT5: 50 240 0 6 9 14
SPLIT5: 50 240 1 4 7 16
SPLIT3: 50 240 3 6 8
SPLIT5: 50 242 0 3 6 9
SPLIT6: 50 238 1 2 4 7 11
SPLIT5: 50 244 1 4 7 8
SPLIT5: 50 234 1 4 8 13
SPLIT6: 50 234 1 2 4 7 8
SPLIT3: 50 238 4 8 13
SPLIT5: 50 240 2 7 11 13
SPLIT3: 50 244 8 10 14
SPLIT6: 50 244 2 4 8 13 17
SPLIT3: 50 242 6 8 11
SPLIT5: 50 240 7 10 11 14
SPLIT3: 50 244 4 8 11
SPLIT5: 50 244 4 7 11 13
SPLIT5: 50 244 4 7 8 11
SPLIT5: 50 236 0 2 6 9
SPLIT3: 50 234 2 5 11
SPLIT6: 50 242 0 5 6 11 14
SPLIT6: 50 242 6 8 9 14 15
SPLIT5: 50 240 5 12 14 15
SPLIT5: 50 240 2 4 5 10
SPLIT5: 50 238 1 4 5 13
SPLIT6: 50 240 2 5 6 9 11
SPLIT3: 50 240 5 14 15
SPLIT3: 50 238 2 4 13
SPLIT3: 50 234 6 11 12
SPLIT5: 50 230 2 3 5 9
SPLIT5: 50 244 1 4 8 14
SPLIT3: 50 242 9 11 14
SPLIT6: 50 238 2 4 8 11 13
SPLIT5: 50 242 5 11 12 15
SPLIT3: 50 244 1 8 13
SPLIT5: 50 244 4 5 8 14
SPLIT6: 50 244 2 11 13 16 17
SPLIT5: 50 240 1 4 5 13
SPLIT3: 46 212 0 5 6
SPLIT5: 50 242 5 8 11 14
SPLIT5: 50 242 2 3 8 9
SPLIT5: 50 242 3 5 12 15
SPLIT6: 50 240 2 3 6 11 12
SPLIT5: 50 242 0 2 12 14
SPLIT5: 50 236 0 2 5 6
SPLIT6: 50 244 1 2 5 14 16
SPLIT6: 50 236 0 3 5 9 12
SPLIT5: 50 244 2 5 7 16
SPLIT5: 50 238 1 8 11 13
SPLIT5: 50 242 0 5 6 14
SPLIT6: 50 240 0 2 5 12 17
SPLIT5: 50 238 4 5 10 13
SPLIT6: 50 242 2 6 9 14 17
SPLIT5: 50 240 7 8 10 13
SPLIT6: 50 244 4 5 11 14 19
SPLIT3: 50 240 2 8 14
SPLIT5: 50 242 0 2 6 15
SPLIT5: 50 238 1 4 11 14
SPLIT6: 50 236 2 3 8 9 12
SPLIT5: 50 242 0 5 12 14
SPLIT6: 50 236 0 5 6 9 14
SPLIT5: 50 242 0 3 5 14
SPLIT3: 50 242 0 9 15
SPLIT5: 50 242 9 14 15 17
SPLIT5: 50 234 5 6 8 9
SPLIT3: 50 238 1 4 7
SPLIT5: 50 240 1 4 7 11
SPLIT5: 50 244 4 11 13 19
SPLIT3: 50 232 4 7 10
SPLIT5: 50 240 2 3 5 14
SPLIT5: 50 244 7 8 14 16
SPLIT5: 50 244 4 7 11 17
SPLIT5: 50 242 2 5 8 9
SPLIT3: 50 230 2 9 12
SPLIT5: 50 238 4 5 8 13
SPLIT5: 50 240 11 13 14 16
SPLIT3: 50 228 2 3 8
SPLIT6: 50 244 1 11 13 16 19
SPLIT5: 50 242 0 3 5 11
SPLIT6: 50 242 5 8 12 15 17
SPLIT6: 50 242 2 5 9 15 17
SPLIT6: 50 244 2 4 7 11 19
SPLIT5: 50 240 1 4 7 17
SPLIT6: 50 242 0 2 5 14 15
SPLIT5: 50 232 1 4 5 10
SPLIT6: 50 240 2 4 5 11 16
SPLIT3: 50 240 5 6 11
SPLIT5: 50 240 2 6 9 14
SPLIT6: 50 240 5 7 11 14 16
SPLIT3: 50 234 2 4 11
SPLIT6: 50 242 0 2 8 9 14
SPLIT3: 50 234 1 4 5
SPLIT3: 50 230 2 5 12
SPLIT6: 50 240 4 5 7 10 14
SPLIT3: 50 240 1 11 13
SPLIT5: 50 234 2 6 11 14
SPLIT5: 50 240 4 7 10 13
SPLIT5: 50 242 0 2 11 14
SPLIT5: 50 240 3 9 11 14
SPLIT3: 50 232 2 4 7
SPLIT3: 50 234 6 9 11
SPLIT5: 50 238 1 4 8 14
SPLIT5: 50 242 0 3 9 14
SPLIT6: 50 240 4 7 8 13 17
SPLIT5: 50 240 2 8 14 17
SPLIT5: 50 244 4 10 13 16
SPLIT6: 50 234 1 2 4 10 11
SPLIT5: 50 240 3 11 12 14
SPLIT5: 50 240 5 6 12 14
SPLIT6: 50 240 0 2 12 14 17
SPLIT6: 50 244 2 4 7 8 14
SPLIT5: 50 242 2 3 5 8
SPLIT5: 50 242 3 8 9 11
SPLIT5: 50 240 2 10 14 17
SPLIT5: 50 238 1 2 8 13
SPLIT5: 50 244 4 11 14 17
SPLIT5: 50 228 1 2 4 8
SPLIT5: 50 240 1 2 5 10
SPLIT5: 50 240 1 2 4 5
SPLIT5: 50 240 2 8 11 13
SPLIT5: 50 242 0 3 5 15
SPLIT5: 50 242 8 9 12 14
SPLIT5: 50 242 0 5 6 8
SPLIT6: 50 244 1 5 8 11 14
SPLIT5: 50 240 1 11 13 14
SPLIT6: 50 242 0 2 6 15 17
SPLIT3: 50 238 1 5 10
SPLIT3: 50 238 2 5 7
SPLIT5: 50 234 1 4 5 7
SPLIT5: 50 240 4 8 11 14
SPLIT5: 50 240 1 2 5 11
SPLIT5: 50 244 4 7 8 13
SPLIT5: 50 240 1 4 7 13
SPLIT5: 50 238 4 7 8 10
SPLIT5: 50 242 5 9 12 14
SPLIT5: 50 242 2 8 9 14
SPLIT3: 50 242 8 9 11
SPLIT6: 50 242 3 8 9 11 15
SPLIT5: 50 240 4 5 10 13
SPLIT5: 50 234 6 9 11 14
SPLIT6: 50 240 2 4 5 7 11
SPLIT5: 50 244 4 8 11 13
SPLIT6: 50 240 0 2 9 14 17
SPLIT6: 50 236 2 3 6 8 12
SPLIT5: 50 226 1 2 4 7
SPLIT5: 50 242 5 6 11 15
SPLIT5: 50 242 0 3 8 12
SPLIT6: 50 244 1 5 8 11 13
SPLIT5: 50 242 2 5 6 12
SPLIT5: 50 238 2 4 7 8
SPLIT5: 50 240 2 10 13 14
SPLIT6: 50 242 0 3 5 11 14
SPLIT3: 50 240 4 7 17
SPLIT5: 50 238 2 4 10 13
SPLIT5: 50 242 0 5 11 14
SPLIT5: 50 242 5 9 15 18
SPLIT5: 50 240 1 2 11 13
SPLIT6: 50 238 1 4 8 13 16
SPLIT3: 50 232 7 8 10
SPLIT6: 50 242 3 8 9 15 20
SPLIT6: 50 244 1 5 8 14 16
SPLIT5: 50 242 9 11 14 15
SPLIT3: 50 236 3 5 8
SPLIT6: 50 242 2 5 6 11 15
SPLIT6: 50 242 0 5 6 8 15
SPLIT5: 50 236 0 5 6 11
SPLIT5: 50 244 1 4 13 16
SPLIT3: 50 232 2 5 8
SPLIT3: 50 240 5 6 14
SPLIT5: 50 240 4 10 11 13
SPLIT6: 50 240 2 5 8 10 13
SPLIT6: 50 240 0 2 5 6 12
SPLIT5: 50 242 0 2 9 11
SPLIT5: 50 240 2 3 8 9
SPLIT6: 50 242 0 8 9 14 15
SPLIT6: 50 244 1 5 7 14 16
SPLIT3: 50 242 2 8 12
SPLIT6: 50 240 1 2 8 13 14
SPLIT5: 50 240 1 4 7 8
SPLIT5: 50 244 4 5 11 16
SPLIT3: 50 242 0 2 3
SPLIT3: 50 242 6 11 12
SPLIT6: 50 240 1 4 7 11 16
SPLIT6: 50 240 1 2 7 8 11
SPLIT5: 50 240 1 4 5 7
SPLIT6: 50 244 1 5 10 11 16
SPLIT6: 50 242 0 5 12 14 17
SPLIT5: 50 240 1 2 11 16
SPLIT5: 50 244 1 13 14 16
SPLIT3: 50 240 2 9 11
SPLIT5: 50 236 2 6 12 14
SPLIT5: 50 238 1 7 13 14
SPLIT6: 50 238 1 2 8 13 14
SPLIT3: 50 242 0 6 11
SPLIT6: 50 238 7 8 10 13 14
SPLIT3: 50 240 3 9 12
SPLIT3: 50 242 2 3 9
SPLIT6: 50 242 2 5 12 14 15
SPLIT5: 50 240 2 3 6 9
SPLIT5: 50 240 1 4 5 10
SPLIT3: 50 234 1 2 10
SPLIT6: 50 242 2 3 5 8 15
SPLIT6: 50 238 4 5 10 13 14
SPLIT6: 50 242 2 3 8 12 15
SPLIT6: 50 240 2 3 5 9 12
SPLIT5: 50 236 3 5 8 12
SPLIT5: 50 240 1 4 8 11
SPLIT5: 50 242 0 2 6 9
SPLIT5: 50 242 0 5 9 12
SPLIT6: 50 244 2 4 5 10 16
SPLIT3: 50 240 5 8 13
SPLIT6: 50 244 2 5 7 14 16
SPLIT3: 50 244 4 5 13
SPLIT3: 50 230 2 3 9
SPLIT5: 50 244 1 2 5 7
SPLIT6: 50 242 0 3 9 14 15
SPLIT5: 50 234 1 2 7 8
SPLIT6: 50 244 2 4 7 11 14
SPLIT6: 50 240 0 2 3 9 14
SPLIT5: 50 242 0 6 8 11
SPLIT5: 50 238 4 7 8 11
SPLIT3: 50 238 4 5 11
SPLIT6: 50 240 0 3 6 8 9
SPLIT6: 50 236 0 2 5 9 14
SPLIT6: 50 242 0 2 5 8 9
SPLIT6: 50 236 0 2 3 5 12
SPLIT5: 50 240 6 8 9 14
SPLIT5: 50 242 0 2 9 15
SPLIT3: 50 232 2 5 10
SPLIT6: 50 244 4 7 11 13 14
SPLIT5: 50 242 0 6 8 9
SPLIT3: 50 232 5 8 10
SPLIT6: 50 242 0 5 6 14 15
SPLIT6: 50 242 2 5 8 12 14
SPLIT6: 50 238 1 2 4 8 13
SPLIT5: 50 240 3 6 8 11
SPLIT5: 50 240 2 5 8 9
SPLIT3: 50 242 0 5 8
SPLIT5: 50 244 1 11 13 14
SPLIT6: 50 242 0 3 5 8 11
SPLIT5: 50 242 0 2 3 12
SPLIT6: 50 240 0 5 9 12 14
SPLIT5: 50 242 2 3 9 15
SPLIT5: 50 244 1 8 14 16
SPLIT6: 50 238 1 8 11 13 14
SPLIT6: 50 244 2 4 7 10 11
SPLIT5: 50 238 1 4 7 11
SPLIT5: 50 244 4 5 14 16
SPLIT5: 50 236 2 3 5 12
SPLIT6: 50 244 4 5 10 11 16
SPLIT5: 50 240 3 6 8 12
SPLIT5: 50 240 2 4 8 10
SPLIT5: 50 240 1 2 4 7
SPLIT6: 50 244 1 4 11 16 19
SPLIT6: 50 244 4 11 13 14 16
SPLIT3: 50 244 8 10 11
SPLIT5: 50 242 0 2 6 11
SPLIT6: 50 242 0 5 9 12 14
SPLIT6: 50 244 1 2 8 11 13
SPLIT5: 50 238 4 5 11 13
SPLIT5: 50 238 1 8 10 11
SPLIT6: 50 240 2 4 5 7 10
SPLIT5: 50 242 2 8 9 12
SPLIT5: 50 242 0 2 3 5
SPLIT6: 50 240 1 5 7 10 11
SPLIT5: 50 240 0 2 5 9
SPLIT5: 50 242 8 9 11 14
SPLIT6: 50 242 0 5 9 12 15
SPLIT6: 50 240 1 4 8 13 14
SPLIT6: 50 240 1 4 5 7 14
SPLIT5: 50 240 6 8 11 12
SPLIT3: 50 234 4 8 11
SPLIT6: 50 240 0 2 5 12 14
SPLIT5: 50 240 2 7 8 10
SPLIT5: 50 242 0 6 11 12
SPLIT5: 50 234 6 9 11 12
SPLIT6: 50 242 0 2 5 6 11
SPLIT5: 50 244 2 7 14 16
SPLIT5: 50 244 1 8 13 14
SPLIT5: 50 238 2 5 7 13
SPLIT6: 50 242 0 2 9 15 17
SPLIT6: 50 242 0 2 5 8 12
SPLIT5: 50 238 2 4 7 13
SPLIT6: 50 242 2 3 5 15 17
SPLIT5: 50 230 0 2 3 9
SPLIT5: 50 242 0 2 5 15
SPLIT5: 50 242 0 2 8 14
SPLIT5: 50 240 1 10 13 14
SPLIT5: 50 238 2 5 7 10
SPLIT6: 50 242 0 3 5 14 15
SPLIT5: 50 240 2 7 13 14
SPLIT6: 50 242 0 3 5 8 9
SPLIT5: 50 242 0 3 6 8
SPLIT5: 50 240 2 5 7 11
SPLIT5: 50 240 3 9 12 14
SPLIT5: 50 242 2 6 15 17
SPLIT6: 50 242 5 6 8 14 15
SPLIT6: 50 242 2 3 5 8 9
SPLIT3: 50 240 2 8 9
SPLIT5: 50 242 0 6 12 14
SPLIT6: 50 238 2 4 7 11 13
SPLIT5: 50 240 1 10 11 14
SPLIT6: 50 242 0 3 5 12 14
SPLIT5: 50 240 1 5 10 14
SPLIT6: 50 242 0 2 9 11 15
SPLIT5: 50 242 0 3 9 11
SPLIT5: 50 242 5 11 12 14
SPLIT6: 50 244 1 2 4 11 14
SPLIT3: 50 238 4 8 11
SPLIT5: 50 242 0 2 9 17
SPLIT5: 50 238 2 5 10 13
SPLIT5: 50 244 4 5 8 10
SPLIT6: 50 244 4 5 8 13 14
SPLIT5: 50 244 1 2 11 16
SPLIT5: 50 242 0 6 8 15
SPLIT6: 50 238 1 8 10 11 13
SPLIT6: 50 244 5 7 11 14 16
SPLIT5: 50 240 5 8 11 14
SPLIT5: 50 240 1 4 7 10
SPLIT5: 50 240 2 4 8 13
SPLIT5: 50 232 1 4 5 7
SPLIT6: 50 240 4 5 8 10 13
SPLIT5: 50 244 2 8 13 16
SPLIT6: 50 244 1 4 8 11 16
SPLIT6: 50 240 2 6 9 11 12
SPLIT5: 50 240 4 7 10 11
SPLIT5: 50 242 6 8 11 15
SPLIT6: 50 242 0 2 6 11 14
SPLIT5: 50 242 8 9 12 15
SPLIT6: 50 242 5 8 9 12 14
SPLIT5: 50 244 7 10 11 16
SPLIT5: 50 240 2 9 11 12
SPLIT6: 50 240 1 5 11 14 16
SPLIT5: 50 242 0 3 6 14
SPLIT6: 50 240 2 6 8 9 12
SPLIT5: 50 236 0 5 9 14
SPLIT6: 50 242 0 5 11 12 14
SPLIT3: 50 242 3 8 12
SPLIT6: 50 244 4 5 8 11 13
SPLIT3: 50 226 2 4 7
SPLIT5: 50 242 5 6 9 14
SPLIT6: 50 242 0 3 6 9 14
SPLIT5: 50 244 4 5 13 16
SPLIT5: 50 242 2 9 14 17
SPLIT5: 50 240 3 6 11 14
SPLIT5: 50 236 2 6 9 11
SPLIT5: 50 240 1 5 8 11
SPLIT5: 50 242 0 9 11 12
SPLIT5: 50 244 4 8 14 16
SPLIT6: 50 238 4 5 8 13 14
SPLIT5: 50 242 0 6 8 14
SPLIT6: 50 240 1 2 4 7 16
SPLIT5: 50 242 0 5 8 14
SPLIT5: 50 238 1 5 8 10
SPLIT5: 50 238 1 7 8 11
SPLIT6: 50 238 2 4 8 10 13
SPLIT5: 50 238 5 8 10 11
SPLIT5: 50 244 4 5 7 10
SPLIT6: 50 240 2 7 13 14 17
SPLIT5: 50 244 1 8 10 13
SPLIT5: 50 242 5 8 12 14
SPLIT5: 50 234 2 4 5 11
SPLIT6: 50 242 0 2 6 14 17
SPLIT6: 50 244 1 4 7 11 13
SPLIT5: 50 230 2 3 9 12
SPLIT6: 50 244 1 5 10 14 16
SPLIT5: 50 244 8 10 11 13
SPLIT5: 50 244 4 8 11 16
SPLIT5: 50 242 0 2 11 12
SPLIT6: 50 240 2 3 8 9 14
SPLIT5: 50 242 0 5 12 15
SPLIT6: 50 244 1 4 7 8 13
SPLIT5: 50 240 4 10 14 17
SPLIT5: 50 238 1 4 8 16
SPLIT6: 50 240 2 4 7 11 14
SPLIT6: 50 240 2 4 7 8 13
SPLIT6: 50 242 3 6 8 14 15
SPLIT5: 50 234 4 5 8 10
SPLIT5: 50 236 0 2 5 8
SPLIT6: 50 244 4 7 11 16 17
SPLIT5: 50 240 3 6 9 11
SPLIT5: 50 242 2 9 15 17
SPLIT5: 50 238 1 4 13 14
SPLIT6: 50 240 1 5 8 13 14
SPLIT5: 50 228 1 2 4 7
SPLIT5: 50 242 2 3 9 14
SPLIT5: 50 240 2 4 14 16
SPLIT5: 50 244 1 14 16 19
SPLIT5: 50 240 2 3 6 14
SPLIT6: 50 240 2 4 7 8 14
SPLIT5: 50 240 2 8 9 11
SPLIT5: 50 236 2 5 8 12
SPLIT5: 50 242 3 5 9 12
SPLIT6: 50 238 2 4 5 10 13
SPLIT5: 50 236 5 6 9 12
SPLIT5: 50 226 2 4 7 8
SPLIT6: 50 242 0 2 8 9 15
SPLIT5: 50 242 3 5 8 9
SPLIT5: 50 242 0 5 8 9
SPLIT6: 50 242 2 8 9 14 15
SPLIT5: 50 240 3 9 14 15
SPLIT6: 50 242 0 2 6 9 17
SPLIT6: 50 244 4 7 11 13 16
SPLIT5: 50 240 1 7 13 14
SPLIT5: 50 234 1 2 4 11
SPLIT6: 50 242 2 3 8 9 14
SPLIT5: 50 234 1 2 4 8
SPLIT6: 50 240 2 4 5 10 13
SPLIT5: 50 242 0 5 6 15
SPLIT5: 50 240 7 8 13 14
SPLIT6: 50 242 0 2 6 14 15
SPLIT5: 50 240 0 5 11 12
SPLIT5: 50 234 2 4 5 10
SPLIT5: 50 236 2 3 9 12
SPLIT5: 50 244 2 10 11 16
SPLIT6: 50 244 4 5 7 11 14
SPLIT5: 50 244 1 10 14 16
SPLIT5: 50 238 2 7 13 14
SPLIT6: 50 240 2 4 5 10 14
SPLIT6: 50 242 2 6 9 12 15
SPLIT5: 50 240 1 2 14 16
SPLIT5: 50 240 4 10 11 14
SPLIT3: 50 230 2 6 8
SPLIT5: 50 230 3 6 8 9
SPLIT5: 50 244 1 4 7 16
SPLIT5: 50 240 1 4 5 14
SPLIT6: 50 242 0 2 9 11 12
SPLIT6: 50 244 4 5 7 10 14
SPLIT5: 50 240 2 7 8 11
SPLIT5: 50 242 0 3 5 6
SPLIT6: 50 238 2 4 7 8 10
SPLIT5: 50 234 3 5 6 8
SPLIT6: 50 242 0 2 6 11 15
SPLIT6: 50 244 1 8 10 13 14
SPLIT6: 50 240 0 3 5 8 11
SPLIT6: 50 240 5 6 9 11 14
SPLIT5: 50 244 2 7 10 16
SPLIT6: 50 242 2 5 8 12 15
SPLIT5: 50 244 1 8 13 19
SPLIT6: 50 242 0 2 6 9 11
SPLIT5: 50 240 3 6 8 9
SPLIT5: 50 240 2 3 9 11
SPLIT6: 50 240 4 7 8 10 13
SPLIT5: 50 242 0 2 3 14
SPLIT5: 50 234 1 4 10 11
SPLIT5: 50 242 5 8 9 15
SPLIT5: 50 242 0 8 9 15
SPLIT5: 50 240 2 5 14 17
SPLIT5: 50 236 3 5 8 9
SPLIT5: 50 238 2 7 8 13
SPLIT5: 50 244 4 11 13 16
SPLIT6: 50 242 0 8 11 14 15
SPLIT6: 50 240 0 5 11 12 14
SPLIT5: 50 242 0 6 9 12
SPLIT6: 50 240 2 9 11 12 14
SPLIT6: 50 242 0 3 6 8 9
SPLIT6: 50 240 2 7 10 14 17
SPLIT5: 50 240 2 3 5 8
SPLIT5: 50 244 1 7 8 11
SPLIT5: 50 234 1 2 4 13
SPLIT6: 50 240 0 2 3 5 8
SPLIT5: 50 242 5 6 12 15
SPLIT5: 50 242 5 8 11 15
SPLIT5: 50 242 0 5 9 11
SPLIT5: 50 242 3 8 11 15
SPLIT5: 50 242 0 5 8 11
SPLIT5: 50 242 2 5 8 15
SPLIT5: 50 242 0 5 8 12
SPLIT5: 50 242 0 5 6 9
SPLIT5: 50 238 7 8 10 14
SPLIT5: 50 242 3 5 8 11
SPLIT6: 50 242 0 2 5 6 9
SPLIT5: 50 238 1 4 5 10
SPLIT5: 50 242 3 8 9 14
SPLIT6: 50 242 0 5 6 8 14
SPLIT3: 50 242 3 5 6
SPLIT5: 50 240 4 7 10 17
SPLIT6: 50 240 1 2 5 11 14
SPLIT3: 50 244 1 8 11
SPLIT5: 50 242 3 8 12 14
SPLIT6: 50 244 1 2 5 7 16
SPLIT5: 50 240 1 2 4 13
SPLIT5: 50 240 4 5 8 11
SPLIT6: 50 240 7 8 10 13 14
SPLIT5: 50 238 1 2 7 8
SPLIT6: 50 244 1 2 11 16 17
SPLIT5: 50 240 2 5 14 16
SPLIT5: 50 238 1 5 10 13
SPLIT5: 50 242 2 8 12 14
SPLIT5: 50 244 2 7 8 14
SPLIT6: 50 236 2 6 9 11 12
SPLIT5: 50 240 0 5 6 12
SPLIT5: 50 232 1 4 8 10
SPLIT5: 50 240 2 8 11 14
SPLIT5: 50 244 4 11 14 16
SPLIT5: 50 234 4 5 8 11
SPLIT5: 50 242 0 9 11 14
SPLIT5: 50 240 0 2 9 12
SPLIT5: 50 240 2 8 9 12
SPLIT5: 50 242 3 5 6 9
SPLIT3: 50 244 4 8 13
SPLIT6: 50 240 0 5 6 9 14
SPLIT3: 50 238 4 7 10
SPLIT6: 50 244 2 4 11 14 16
SPLIT5: 50 240 1 4 5 11
SPLIT6: 50 236 0 2 6 9 14
SPLIT6: 50 242 0 5 12 14 15
SPLIT5: 50 238 1 7 8 13
SPLIT5: 50 242 0 3 5 9
SPLIT5: 50 240 1 13 14 16
SPLIT6: 50 240 0 6 9 14 15
SPLIT5: 50 234 2 6 11 12
SPLIT5: 50 244 1 5 11 16
SPLIT5: 50 242 3 5 15 17
SPLIT5: 50 242 0 3 11 14
SPLIT5: 50 240 1 4 11 14
SPLIT6: 50 242 5 8 12 14 15
SPLIT6: 50 244 2 5 7 11 16
SPLIT5: 50 240 2 5 7 13
SPLIT6: 50 244 1 2 8 11 17
SPLIT5: 50 238 1 4 11 13
SPLIT5: 50 238 1 4 7 8
SPLIT5: 50 242 5 6 9 11
SPLIT5: 50 238 4 8 11 14
SPLIT5: 50 242 3 5 6 14
SPLIT5: 50 244 1 8 11 16
SPLIT5: 50 242 0 2 11 15
SPLIT6: 50 244 4 8 11 13 14
SPLIT5: 50 242 0 2 3 9
SPLIT6: 50 240 2 3 6 11 14
SPLIT6: 50 240 2 5 9 11 12
SPLIT5: 50 240 2 5 7 14
SPLIT5: 45 210 1 2 4 7
SPLIT6: 50 240 0 5 6 11 15
SPLIT5: 50 240 2 4 13 14
SPLIT6: 50 240 0 2 3 8 9
SPLIT5: 50 238 5 8 11 13
SPLIT5: 50 240 1 5 8 14
SPLIT5: 50 234 1 4 8 10
SPLIT5: 50 238 1 4 8 11
SPLIT5: 50 242 6 11 12 14
SPLIT5: 50 242 0 6 11 15
SPLIT6: 50 242 5 8 9 12 15
SPLIT5: 50 240 2 3 9 14
SPLIT6: 50 240 0 2 9 11 12
SPLIT5: 50 236 0 5 8 12
SPLIT5: 50 234 4 8 11 13
SPLIT5: 50 236 3 6 8 9
SPLIT5: 50 240 0 6 8 11
SPLIT5: 50 240 1 5 10 11
SPLIT5: 50 232 2 4 7 8
SPLIT6: 50 240 0 2 6 11 12
SPLIT5: 50 242 0 2 3 8
SPLIT5: 50 240 4 5 13 14
SPLIT5: 50 242 5 6 11 14
SPLIT5: 50 232 2 4 7 10
SPLIT5: 50 242 3 5 9 15
SPLIT6: 50 240 1 8 10 11 14
SPLIT6: 50 244 1 2 7 11 14
SPLIT5: 50 228 2 3 6 8
SPLIT6: 50 240 0 2 5 9 12
SPLIT6: 50 242 0 6 12 14 15
SPLIT5: 50 242 0 2 9 12
SPLIT5: 50 240 1 2 4 11
SPLIT6: 50 240 2 5 9 14 15
SPLIT6: 50 240 2 7 10 13 17
SPLIT5: 50 242 3 5 6 15
SPLIT6: 50 244 4 7 8 13 14
SPLIT5: 50 240 9 11 14 15
SPLIT6: 50 236 0 2 5 6 12
SPLIT6: 50 244 1 4 8 14 16
SPLIT6: 50 240 2 5 7 10 14
SPLIT5: 50 244 1 4 5 13
SPLIT5: 50 240 3 9 11 12
SPLIT6: 50 238 1 4 7 11 13
SPLIT5: 50 242 0 3 8 9
SPLIT5: 50 238 1 4 7 13
SPLIT5: 50 240 0 3 5 12
SPLIT6: 50 242 2 5 8 9 12
SPLIT6: 50 238 1 4 7 8 11
SPLIT5: 50 240 5 6 11 14
SPLIT6: 50 240 3 6 8 12 14
SPLIT6: 50 242 0 3 5 6 9
SPLIT6: 50 242 5 6 8 11 15
SPLIT6: 50 244 1 2 7 8 13
SPLIT5: 50 240 2 6 9 12
SPLIT5: 50 244 4 5 11 13
SPLIT5: 50 240 2 9 11 14
SPLIT6: 50 242 3 6 8 9 11
SPLIT6: 50 240 1 2 4 5 11
SPLIT5: 50 242 3 9 11 15
SPLIT3: 50 242 0 5 14
SPLIT6: 50 236 2 5 9 12 15
SPLIT5: 50 242 0 8 9 12
SPLIT5: 50 240 5 10 14 16
SPLIT5: 50 240 2 8 9 14
SPLIT6: 50 240 1 5 8 14 16
SPLIT6: 50 242 2 5 6 14 15
SPLIT5: 50 242 2 8 9 15
SPLIT5: 50 234 1 4 11 14
SPLIT5: 50 242 5 9 12 15
SPLIT5: 50 242 0 3 6 11
SPLIT5: 50 242 2 8 12 15
SPLIT6: 50 240 5 9 12 14 15
SPLIT5: 50 244 1 2 4 7
SPLIT6: 50 242 0 2 3 5 12
SPLIT5: 50 240 1 2 8 14
SPLIT6: 50 240 1 4 5 7 11
SPLIT5: 50 236 0 2 6 11
SPLIT5: 50 242 2 6 12 15
SPLIT5: 50 240 2 5 9 12
SPLIT5: 50 244 1 8 11 14
SPLIT6: 50 240 0 3 5 8 14
SPLIT6: 50 240 2 3 6 12 14
SPLIT6: 50 240 0 2 5 9 14
SPLIT5: 50 234 1 4 7 11
SPLIT5: 50 242 3 5 6 8
SPLIT3: 50 236 6 9 12
SPLIT6: 50 242 0 2 3 8 9
SPLIT5: 50 234 0 2 5 9
SPLIT5: 50 230 2 5 6 9
SPLIT6: 50 242 2 6 9 11 15
SPLIT6: 50 240 2 5 7 14 16
SPLIT5: 50 242 0 3 9 12
SPLIT6: 50 242 2 5 6 9 11
SPLIT6: 50 242 3 5 8 12 14
SPLIT6: 50 240 2 4 11 14 16
SPLIT6: 50 242 0 5 8 11 15
SPLIT6: 50 242 0 5 8 11 14
SPLIT6: 50 242 0 2 6 9 12
SPLIT5: 50 228 2 3 8 9
SPLIT5: 50 236 5 6 9 11
SPLIT3: 50 240 1 2 10
SPLIT6: 50 242 2 5 6 9 15
SPLIT5: 50 242 2 3 12 15
SPLIT5: 50 240 2 4 7 10
SPLIT5: 50 240 2 7 11 16
SPLIT6: 50 244 1 4 5 13 16
SPLIT6: 50 238 1 2 7 8 14
SPLIT5: 50 240 3 5 6 11
SPLIT5: 50 234 1 4 8 11
SPLIT6: 50 238 1 5 8 10 11
SPLIT6: 50 244 2 4 7 10 14
SPLIT5: 50 244 4 8 13 14
SPLIT6: 50 240 1 4 5 11 14
SPLIT6: 50 240 2 4 8 11 13
SPLIT6: 50 242 0 8 9 12 14
SPLIT5: 50 238 4 5 8 11
SPLIT5: 50 240 5 6 11 12
SPLIT5: 50 236 0 5 12 14
SPLIT5: 50 242 8 9 11 15
SPLIT5: 50 234 2 4 11 13
SPLIT5: 50 240 2 7 11 14
SPLIT5: 50 242 2 5 8 14
SPLIT6: 50 240 1 2 4 11 13
SPLIT6: 50 240 1 4 7 11 17
SPLIT5: 50 240 5 6 14 15
SPLIT6: 50 238 2 4 7 8 14
SPLIT6: 50 234 1 4 7 11 14
SPLIT5: 50 240 0 3 14 15
SPLIT5: 50 240 2 3 5 12
SPLIT6: 50 242 0 3 6 14 15
SPLIT6: 50 244 2 8 13 14 16
SPLIT6: 50 236 0 5 9 12 14
SPLIT5: 50 240 5 7 10 13
SPLIT6: 50 240 2 4 7 8 11
SPLIT6: 50 242 3 5 9 12 15
SPLIT5: 50 226 2 4 5 7
SPLIT6: 50 238 1 2 8 13 16
SPLIT6: 50 242 0 5 8 14 15
SPLIT5: 50 244 2 7 11 13
SPLIT5: 50 236 6 9 12 14
SPLIT5: 50 240 2 3 8 14
SPLIT6: 50 244 4 5 11 13 14
SPLIT5: 50 242 2 5 9 14
SPLIT5: 50 242 0 2 9 14
SPLIT6: 50 236 0 2 6 12 14
SPLIT5: 50 242 5 6 9 12
SPLIT5: 50 234 1 4 5 8
SPLIT5: 50 240 0 2 6 9
SPLIT6: 50 240 2 7 11 13 14
SPLIT5: 50 244 2 4 13 14
SPLIT5: 50 240 5 6 8 11
SPLIT5: 50 244 1 8 11 13
SPLIT6: 50 242 0 2 5 9 11
SPLIT6: 50 234 1 2 4 5 11
SPLIT5: 50 240 2 3 6 8
SPLIT5: 50 240 1 5 10 13
SPLIT5: 50 238 4 8 13 14
SPLIT5: 50 238 2 5 8 13
SPLIT6: 50 244 1 2 4 13 14
SPLIT6: 50 240 1 7 8 11 13
SPLIT5: 50 240 1 4 5 8
SPLIT6: 50 242 3 6 11 14 15
SPLIT6: 50 244 7 10 11 14 16
SPLIT6: 50 240 2 4 7 10 14
SPLIT5: 50 240 4 8 11 13
SPLIT5: 50 244 4 5 13 14
SPLIT5: 50 240 2 5 8 14
SPLIT5: 50 240 1 2 5 7
SPLIT5: 50 240 1 2 4 10
SPLIT5: 50 244 4 8 13 16
SPLIT6: 50 240 2 8 9 12 14
SPLIT6: 50 240 0 2 8 9 14
SPLIT6: 50 240 1 2 4 5 14
SPLIT5: 50 242 2 5 11 12
SPLIT6: 50 242 3 5 6 9 15
SPLIT5: 50 242 0 6 11 14
SPLIT5: 50 242 0 5 8 15
SPLIT5: 50 234 1 4 5 11
SPLIT5: 50 242 2 14 15 17
SPLIT5: 50 238 4 8 11 13
SPLIT6: 50 244 4 8 11 13 19
SPLIT5: 50 236 2 5 8 9
SPLIT5: 50 244 4 7 11 14
SPLIT5: 50 238 4 7 10 13
SPLIT5: 50 234 0 5 6 11
SPLIT5: 50 244 1 8 13 16
SPLIT6: 50 244 1 2 4 8 14
SPLIT6: 50 240 0 2 6 9 14
SPLIT5: 50 242 0 3 6 15
SPLIT6: 50 242 0 5 6 12 15
SPLIT5: 50 242 5 6 12 14
SPLIT5: 50 242 3 5 6 11
SPLIT6: 50 240 5 7 10 14 17
SPLIT5: 50 240 2 3 12 14
SPLIT5: 50 240 1 4 8 10
SPLIT5: 50 240 3 6 9 14
SPLIT5: 50 240 1 5 8 10
SPLIT6: 50 240 0 6 8 9 11
SPLIT6: 50 242 2 5 6 12 14
SPLIT6: 50 240 2 5 9 12 17
SPLIT6: 50 240 1 2 4 7 13
SPLIT6: 50 244 2 5 10 11 14
SPLIT5: 50 242 6 8 11 14
SPLIT6: 50 240 0 5 6 8 9
SPLIT5: 50 240 5 8 13 14
SPLIT5: 50 242 0 2 6 12
SPLIT6: 50 240 1 4 5 13 14
SPLIT5: 50 234 2 4 5 7
SPLIT5: 50 242 0 2 12 15
SPLIT6: 50 244 1 2 5 7 14
SPLIT6: 50 236 0 2 3 9 12
SPLIT6: 50 242 0 3 6 8 11
SPLIT5: 50 240 0 6 11 14
SPLIT5: 50 238 5 8 10 13
SPLIT5: 50 234 1 4 11 13
SPLIT5: 50 232 5 8 10 13
SPLIT5: 50 238 1 4 5 11
SPLIT6: 50 240 2 4 5 10 11
SPLIT6: 50 240 5 7 10 13 14
SPLIT5: 50 240 2 7 8 14
SPLIT6: 50 240 0 2 6 11 14
SPLIT6: 50 244 2 4 7 11 16
SPLIT6: 50 240 2 4 5 7 16
SPLIT6: 50 242 0 2 6 9 15
SPLIT5: 50 240 2 5 7 8
SPLIT6: 50 240 2 6 9 11 17
SPLIT6: 50 242 2 3 12 15 17
SPLIT6: 50 238 4 8 11 13 16
SPLIT6: 50 242 0 2 5 9 12
SPLIT6: 50 238 1 7 8 13 14
SPLIT6: 50 240 0 2 9 12 15
SPLIT6: 50 244 4 7 8 11 14
SPLIT6: 50 240 2 7 11 14 16
SPLIT6: 50 242 3 5 12 15 17
SPLIT6: 50 242 3 5 6 11 15
SPLIT5: 50 242 3 8 12 15
SPLIT5: 50 242 2 3 14 15
SPLIT6: 50 242 0 3 9 11 14
SPLIT6: 50 244 1 5 7 11 16
SPLIT6: 50 242 0 6 11 14 15
SPLIT6: 50 244 1 2 7 10 11
SPLIT6: 50 240 2 3 5 9 14
SPLIT5: 50 240 5 6 9 14
SPLIT6: 50 244 1 7 8 11 14
SPLIT6: 50 234 1 4 5 8 13
SPLIT6: 50 234 0 3 6 8 9
SPLIT6: 50 240 2 4 7 10 17
SPLIT5: 50 242 5 6 11 12
SPLIT6: 50 244 1 5 8 13 16
SPLIT5: 50 242 0 5 14 15
SPLIT6: 50 236 2 5 8 9 12
SPLIT6: 50 242 0 2 11 14 15
SPLIT6: 50 236 0 2 5 6 14
SPLIT6: 50 244 4 5 14 16 19
SPLIT6: 50 236 0 2 5 6 11
SPLIT6: 50 242 2 5 9 11 12
SPLIT6: 50 242 0 5 8 12 15
SPLIT5: 50 234 1 4 5 10
SPLIT6: 50 242 0 3 5 8 12
SPLIT6: 50 238 4 5 10 11 13
SPLIT6: 50 242 0 2 6 12 14
SPLIT5: 50 238 2 5 7 8
SPLIT6: 50 236 0 2 6 11 12
SPLIT3: 50 240 1 7 16
SPLIT6: 50 244 1 2 11 13 16
SPLIT6: 50 242 0 3 5 9 14
SPLIT6: 50 244 1 2 4 7 8
SPLIT5: 50 244 4 10 13 14
SPLIT5: 50 244 2 4 5 11
SPLIT6: 50 244 1 7 8 11 13
SPLIT6: 50 242 3 8 9 11 14
SPLIT5: 50 234 0 3 8 9
SPLIT6: 50 240 4 7 10 14 17
SPLIT6: 50 244 2 8 13 16 17
SPLIT6: 50 240 0 6 8 11 14
SPLIT6: 50 242 2 3 5 9 17
SPLIT6: 50 240 2 6 9 12 14
SPLIT6: 50 242 3 5 6 8 9
SPLIT6: 50 242 0 9 12 14 15
SPLIT6: 50 242 5 6 9 12 14
SPLIT6: 50 244 1 2 5 7 11
SPLIT5: 50 242 0 2 5 11
SPLIT5: 50 236 5 9 12 15
SPLIT6: 50 244 1 5 8 13 14
SPLIT6: 50 242 0 3 8 9 15
SPLIT6: 50 244 2 7 14 16 17
SPLIT6: 50 236 0 2 3 5 8
SPLIT5: 50 242 0 2 8 12
SPLIT6: 50 234 1 2 4 8 11
SPLIT5: 50 240 2 9 14 15
SPLIT6: 50 236 0 2 5 8 9
SPLIT5: 50 240 5 6 9 12
SPLIT6: 50 244 1 4 5 7 16
SPLIT5: 50 240 7 11 14 16
SPLIT6: 50 240 2 3 8 9 12
SPLIT3: 50 242 3 9 15
SPLIT5: 50 238 1 2 11 13
SPLIT6: 50 240 1 4 11 14 16
SPLIT6: 50 240 4 5 8 11 13
SPLIT6: 50 242 2 5 6 12 15
SPLIT6: 50 242 6 8 9 11 15
SPLIT6: 50 242 0 2 3 9 12
SPLIT6: 50 240 0 5 6 9 11
SPLIT6: 50 244 1 2 7 11 16
SPLIT6: 50 238 1 4 8 10 11
SPLIT5: 50 244 1 7 11 13
SPLIT6: 50 244 1 2 5 11 14
SPLIT5: 50 240 2 7 10 11
SPLIT6: 50 240 2 5 7 13 14
SPLIT6: 50 242 0 5 6 8 11
SPLIT6: 50 244 2 4 5 11 14
SPLIT6: 50 240 3 6 8 9 11
SPLIT6: 50 242 0 3 8 9 14
SPLIT6: 50 240 0 5 6 12 14
SPLIT6: 50 244 4 5 11 14 16
SPLIT6: 50 242 0 2 3 5 9
SPLIT6: 50 244 2 4 5 11 16
SPLIT6: 50 242 2 3 5 9 15
SPLIT6: 50 242 0 3 6 8 14
SPLIT6: 50 240 1 2 7 11 16
SPLIT6: 50 242 0 5 11 14 15
SPLIT6: 50 240 2 5 7 10 13
SPLIT6: 50 242 0 5 6 11 12
SPLIT6: 50 242 0 2 9 12 15
SPLIT6: 50 240 2 4 7 14 16
SPLIT5: 50 240 4 5 11 13
SPLIT6: 50 242 2 9 14 15 17
SPLIT6: 50 244 1 2 4 7 11
SPLIT6: 50 244 1 8 10 13 16
SPLIT6: 50 240 4 7 10 13 14
SPLIT6: 50 244 1 4 7 8 11
SPLIT6: 50 242 0 6 9 12 14
SPLIT6: 50 240 0 6 9 11 14
SPLIT6: 50 240 1 5 8 10 13
SPLIT6: 50 244 4 5 8 10 11
SPLIT6: 50 238 1 4 8 11 14
SPLIT6: 50 242 2 3 8 9 12
SPLIT6: 50 244 1 4 5 14 16
SPLIT6: 50 244 1 8 11 14 16
SPLIT6: 50 244 1 2 4 7 13
SPLIT6: 50 244 1 7 11 14 16
SPLIT6: 50 244 1 2 11 13 14
SPLIT6: 50 244 2 7 11 13 14
SPLIT6: 50 244 1 2 7 8 11
SPLIT6: 50 244 1 4 10 11 16
SPLIT6: 50 244 4 7 11 14 16
SPLIT6: 50 244 1 2 4 11 13
SPLIT6: 50 244 1 4 7 11 16
SPLIT6: 50 244 2 4 5 10 14
SPLIT6: 50 244 2 4 7 11 13
SPLIT6: 50 244 1 2 4 7 16
SPLIT6: 50 244 4 5 10 11 17
SPLIT6: 50 244 1 4 7 10 14
SPLIT6: 50 244 1 2 5 7 10
SPLIT6: 50 244 4 8 13 16 19
SPLIT6: 50 244 4 5 8 11 14
SPLIT6: 50 244 5 10 13 14 16
SPLIT6: 50 244 1 7 8 11 16
SPLIT6: 50 244 1 7 8 13 16
SPLIT6: 50 244 1 5 11 16 19
SPLIT6: 50 244 4 5 10 14 16
SPLIT6: 50 244 7 11 13 14 16
SPLIT6: 50 244 4 8 10 13 16
SPLIT6: 50 244 2 7 10 16 17
SPLIT6: 50 244 1 4 7 11 19
SPLIT6: 50 244 4 8 11 16 17
SPLIT6: 50 244 1 7 8 14 16
SPLIT6: 50 244 5 7 10 14 16
SPLIT6: 50 244 1 4 5 14 19
SPLIT6: 50 244 1 2 4 14 19
SPLIT6: 50 244 1 8 11 13 16
SPLIT6: 50 244 1 2 4 8 11
SPLIT6: 50 244 4 8 11 13 16
SPLIT6: 50 244 2 4 8 11 16
SPLIT6: 50 244 4 8 10 11 14
SPLIT6: 50 244 4 7 11 14 17
SPLIT6: 50 244 2 7 8 14 16
SPLIT6: 50 244 4 8 11 16 19
SPLIT6: 50 244 5 10 13 16 19
SPLIT6: 50 244 1 4 5 7 14
SPLIT6: 50 244 1 2 4 7 14
SPLIT6: 50 244 1 11 13 14 16
SPLIT6: 50 244 1 4 7 8 14
SPLIT6: 50 244 1 2 4 5 10
SPLIT6: 50 244 1 4 13 16 19
SPLIT6: 50 244 2 4 7 8 11
SPLIT6: 50 244 1 5 10 13 14
SPLIT6: 50 244 1 8 13 14 16
SPLIT6: 50 244 4 8 13 16 17
SPLIT6: 50 244 7 8 11 14 16
SPLIT6: 50 244 1 2 5 16 19
SPLIT6: 50 244 4 7 11 14 19
SPLIT6: 50 244 1 2 4 7 10
SPLIT6: 50 244 1 4 5 11 14
SPLIT6: 50 244 1 4 11 14 16
SPLIT6: 50 244 1 4 5 13 14
SPLIT6: 50 244 1 8 11 16 19
SPLIT6: 50 244 1 5 8 11 16
SPLIT6: 50 244 2 5 7 14 19
SPLIT6: 50 244 1 4 7 8 16
SPLIT6: 50 244 2 8 13 16 19
SPLIT6: 50 244 2 10 11 14 17
SPLIT6: 50 244 1 2 7 13 16
SPLIT6: 50 244 2 4 7 8 13
SPLIT6: 50 244 4 5 13 14 16
SPLIT6: 50 244 1 4 7 14 19
SPLIT6: 50 244 1 5 11 16 20
SPLIT6: 50 244 1 4 8 11 17
SPLIT6: 50 244 4 11 13 16 17
SPLIT6: 50 244 4 5 7 10 11
SPLIT3: 50 242 2 6 14
SPLIT5: 50 244 5 8 10 11
SPLIT5: 50 244 4 8 11 14
SPLIT5: 50 242 6 9 12 14
SPLIT6: 50 244 1 8 11 13 14
SPLIT6: 50 244 4 8 10 11 13
SPLIT6: 50 244 2 4 5 7 10
SPLIT6: 50 244 2 4 5 10 11
SPLIT6: 50 244 4 7 8 11 13
SPLIT6: 50 242 0 5 9 11 14
SPLIT6: 50 242 0 2 12 14 15
SPLIT6: 50 242 0 5 8 9 12
SPLIT6: 50 242 0 3 5 6 8
SPLIT6: 50 242 3 5 6 8 14
SPLIT6: 50 242 0 6 8 11 14
SPLIT6: 50 242 3 5 8 12 15
SPLIT6: 50 242 2 5 6 9 12
SPLIT6: 50 242 0 6 8 14 15
SPLIT6: 50 242 0 3 5 8 14
SPLIT6: 50 242 0 9 11 14 15
SPLIT6: 50 242 2 5 9 12 15
SPLIT6: 50 242 0 3 8 12 14
SPLIT5: 50 242 3 5 8 14
SPLIT5: 50 242 6 9 14 15
SPLIT5: 50 242 3 5 12 14
SPLIT6: 50 242 3 8 9 14 15
SPLIT6: 50 242 0 2 3 5 8
SPLIT6: 50 242 0 6 9 11 15
SPLIT6: 50 242 0 6 11 12 14
SPLIT6: 50 242 0 3 5 6 11
SPLIT6: 50 242 0 5 6 9 12
SPLIT6: 50 242 2 8 9 12 15
SPLIT6: 50 242 0 2 6 9 14
SPLIT6: 50 242 0 5 6 9 14
SPLIT5: 50 242 0 2 5 12
SPLIT6: 50 242 0 2 9 14 15
SPLIT5: 50 242 0 3 8 14
SPLIT6: 50 242 3 5 6 8 15
SPLIT6: 50 242 2 5 9 14 15
SPLIT5: 50 242 2 3 9 12
SPLIT6: 50 242 2 5 8 9 15
SPLIT6: 50 242 0 3 5 6 14
SPLIT6: 50 242 0 2 9 11 14
SPLIT6: 50 244 4 8 11 14 16
SPLIT6: 50 242 2 3 9 12 14
SPLIT6: 50 242 2 3 8 9 15
SPLIT6: 50 242 0 6 9 11 14
SPLIT6: 50 242 5 6 9 11 12
SPLIT6: 50 242 3 6 9 11 15
SPLIT6: 50 242 2 5 12 15 17
SPLIT6: 50 242 3 5 8 9 15
SPLIT6: 50 242 0 2 8 12 14
SPLIT6: 50 242 0 2 5 9 14
SPLIT6: 50 242 0 2 5 12 15
SPLIT6: 50 242 3 5 8 11 15
SPLIT6: 50 242 0 5 6 9 11
SPLIT6: 50 242 3 5 8 14 15
SPLIT6: 50 242 3 6 8 11 15
SPLIT6: 50 242 0 2 3 8 14
SPLIT6: 50 242 0 3 6 11 14
SPLIT6: 50 242 2 6 9 11 14
SPLIT6: 50 242 0 6 8 9 11
SPLIT6: 50 242 0 3 5 9 12
SPLIT6: 50 242 3 5 8 9 11
SPLIT6: 50 242 0 3 8 14 15
SPLIT6: 50 242 0 2 9 12 14
SPLIT6: 50 242 0 3 6 9 11
SPLIT6: 50 242 2 5 9 12 14
SPLIT6: 50 242 0 2 3 9 14
SPLIT6: 50 242 0 5 8 9 11
SPLIT6: 50 242 3 5 8 9 12
SPLIT6: 50 242 5 6 9 11 15
SPLIT6: 50 242 0 2 5 6 14
SPLIT6: 50 242 0 2 3 8 12
SPLIT6: 50 242 2 6 9 11 12
SPLIT6: 50 242 0 5 8 12 14
SPLIT6: 50 242 3 5 6 9 11
SPLIT6: 50 242 0 5 6 9 15
SPLIT6: 50 242 0 3 8 9 11
SPLIT6: 50 242 0 6 8 9 14
SPLIT6: 50 242 0 6 9 11 12
SPLIT6: 50 242 3 5 8 9 14
SPLIT6: 50 242 2 8 9 12 14
SPLIT6: 50 242 0 6 8 11 15
SPLIT5: 50 242 2 6 14 15
SPLIT6: 50 242 0 2 5 12 14
SPLIT6: 50 242 2 5 6 11 12
SPLIT5: 50 240 0 6 9 15
SPLIT5: 50 240 2 6 8 11
SPLIT5: 50 240 3 6 8 14
SPLIT6: 50 242 0 5 6 8 9
SPLIT6: 50 242 0 3 8 9 12
SPLIT6: 50 242 2 3 5 8 12
SPLIT6: 50 242 0 2 8 9 12
SPLIT6: 50 242 3 5 6 8 11
SPLIT6: 50 242 2 9 12 15 17
SPLIT6: 50 242 2 5 9 12 17
SPLIT6: 50 242 0 2 5 6 12
SPLIT6: 50 242 2 3 9 12 15
SPLIT6: 50 242 0 5 8 9 14
SPLIT6: 50 240 1 2 4 5 7
SPLIT6: 50 240 1 4 8 11 14
SPLIT6: 50 240 0 2 6 12 14
SPLIT6: 50 240 4 7 8 10 14
SPLIT6: 50 240 1 2 4 11 16
SPLIT6: 50 240 1 4 7 8 13
SPLIT6: 50 240 1 4 7 11 14
SPLIT6: 50 240 1 5 10 13 14
SPLIT6: 50 240 2 4 8 10 13
SPLIT6: 50 240 2 6 9 14 15
SPLIT6: 50 240 1 7 10 11 14
SPLIT6: 50 240 1 4 5 8 10
SPLIT6: 50 240 0 6 9 11 12
SPLIT6: 50 240 0 2 5 9 11
SPLIT6: 50 240 0 3 9 11 14
SPLIT6: 50 240 2 5 7 11 14
SPLIT6: 50 240 1 4 5 10 11
SPLIT6: 50 240 3 6 8 9 14
SPLIT6: 50 240 5 6 9 11 12
SPLIT6: 50 240 1 2 4 11 14
SPLIT6: 50 240 2 3 9 14 17
SPLIT6: 50 240 2 3 6 9 12
SPLIT6: 50 240 2 7 10 13 14
SPLIT6: 50 240 1 2 4 10 11
SPLIT6: 50 240 0 2 3 5 9
SPLIT6: 50 240 2 5 7 8 13
SPLIT6: 50 240 0 5 6 9 12
SPLIT6: 50 240 0 5 8 9 12
SPLIT6: 50 240 1 4 5 7 10
SPLIT6: 50 240 0 2 3 5 14
SPLIT6: 50 240 1 4 8 11 13
SPLIT6: 50 240 2 4 5 7 13
SPLIT6: 50 240 2 3 6 9 14
SPLIT6: 50 240 0 3 6 8 11
SPLIT6: 50 240 0 2 6 9 12
SPLIT6: 50 240 1 2 5 7 10
SPLIT6: 50 240 1 4 7 10 11
SPLIT6: 50 240 1 4 7 11 13
SPLIT6: 50 240 1 5 8 10 14
SPLIT6: 50 240 1 4 7 8 11
SPLIT6: 50 240 0 3 5 9 14
SPLIT6: 50 240 0 3 5 6 8
SPLIT6: 50 240 2 4 8 13 14
SPLIT6: 50 240 2 4 5 7 14
SPLIT6: 50 240 4 5 10 13 14
SPLIT5: 50 240 2 5 11 14
SPLIT6: 50 240 0 2 3 5 12
SPLIT6: 50 240 1 4 10 11 13
SPLIT6: 50 240 0 2 9 12 14
SPLIT6: 50 240 1 2 4 7 8
SPLIT6: 50 240 1 4 5 8 11
SPLIT6: 50 240 1 2 4 7 14
SPLIT6: 50 240 2 3 6 9 11
SPLIT6: 50 240 2 4 7 8 10
SPLIT6: 50 240 1 2 7 8 13
SPLIT6: 50 240 2 7 10 11 14
SPLIT6: 50 240 2 4 7 11 13
SPLIT6: 50 240 0 2 6 9 15
SPLIT6: 50 240 2 3 6 8 9
SPLIT6: 50 240 1 4 7 10 14
SPLIT6: 50 240 1 2 4 7 10
SPLIT6: 50 240 2 4 7 10 11
SPLIT6: 50 240 1 4 5 8 13
SPLIT6: 50 240 2 5 8 9 12
SPLIT6: 50 240 1 4 5 11 13
SPLIT6: 50 240 4 7 10 11 14
SPLIT6: 50 240 0 2 6 9 11
SPLIT6: 50 240 3 5 9 12 14
SPLIT6: 50 240 2 7 8 13 14
SPLIT6: 50 240 1 4 8 10 11
SPLIT6: 50 240 4 5 7 10 13
SPLIT6: 50 240 1 2 4 8 13
SPLIT6: 50 240 0 6 11 14 15
SPLIT5: 50 240 1 2 10 11
SPLIT6: 50 240 4 7 8 13 14
SPLIT6: 50 240 0 6 8 9 14
SPLIT6: 50 240 2 4 7 10 13
SPLIT6: 50 240 2 5 7 8 10
SPLIT6: 50 240 1 2 4 7 11
SPLIT6: 50 240 2 7 8 10 13
SPLIT6: 50 240 2 5 9 12 14
SPLIT5: 50 240 2 8 13 14
SPLIT6: 50 240 1 2 5 7 11
SPLIT6: 50 240 1 4 8 10 13
SPLIT5: 50 238 5 8 13 14
SPLIT6: 50 240 0 5 6 11 14
SPLIT6: 50 240 3 6 9 11 14
SPLIT6: 50 240 1 7 8 11 14
SPLIT6: 50 240 4 8 11 13 14
SPLIT6: 50 240 2 6 9 11 14
SPLIT6: 50 240 1 2 4 8 11
SPLIT6: 50 240 2 3 5 12 14
SPLIT6: 50 240 2 7 8 11 13
SPLIT6: 50 240 1 4 5 10 14
SPLIT6: 50 240 2 4 10 13 14
SPLIT6: 50 240 1 5 7 11 14
SPLIT6: 50 240 2 3 5 8 9
SPLIT6: 50 240 4 7 8 11 13
SPLIT6: 50 240 2 5 6 9 12
SPLIT6: 50 240 3 6 8 11 14
SPLIT6: 50 240 1 5 8 11 13
SPLIT6: 50 240 2 5 7 10 11
SPLIT6: 50 240 0 5 6 11 12
SPLIT6: 50 240 3 6 9 11 12
SPLIT6: 50 240 0 3 5 12 14
SPLIT6: 50 240 1 2 5 7 14
SPLIT6: 50 240 2 5 6 9 14
SPLIT6: 50 238 1 4 5 8 10
SPLIT6: 50 238 1 2 8 11 13
SPLIT6: 50 238 1 4 8 11 13
SPLIT6: 50 238 2 5 7 10 13
SPLIT6: 50 238 4 7 8 10 13
SPLIT6: 50 238 1 5 8 11 13
SPLIT6: 50 238 2 4 7 13 14
SPLIT6: 50 238 2 4 7 8 13
SPLIT6: 50 238 1 4 5 11 13
SPLIT6: 50 238 1 7 8 11 13
SPLIT6: 50 238 2 5 7 8 10
SPLIT6: 50 238 1 2 7 8 11
SPLIT6: 50 238 1 2 4 11 13
SPLIT6: 50 238 2 4 7 8 11
SPLIT6: 50 238 1 2 7 8 13
SPLIT6: 50 238 1 4 5 8 13
SPLIT6: 50 238 1 5 8 13 14
SPLIT6: 50 238 1 4 8 13 14
SPLIT6: 50 238 1 4 8 10 13
SPLIT6: 50 238 2 7 8 13 14
SPLIT6: 50 238 1 4 5 8 11
SPLIT6: 50 238 1 5 8 10 13
SPLIT6: 50 238 5 8 10 13 14
SPLIT6: 50 238 2 7 8 10 13
SPLIT6: 50 238 1 4 7 8 13
SPLIT6: 50 236 0 2 5 9 12
SPLIT6: 50 236 0 5 6 11 12
SPLIT6: 50 236 0 2 6 9 11
SPLIT6: 50 236 0 2 5 6 9
SPLIT6: 50 236 2 3 5 8 9
SPLIT6: 50 236 0 2 6 9 12
SPLIT6: 50 234 1 4 5 7 10
SPLIT6: 50 234 1 4 5 10 11
SPLIT6: 50 234 1 4 5 8 10
SPLIT6: 50 234 1 4 8 11 13
SPLIT6: 50 234 1 4 7 8 11
SPLIT6: 50 234 1 2 4 7 11
SPLIT6: 50 234 1 4 5 8 11
