k= 2  d_min=2  witness: 0,2   [0.00s]
k= 3  d_min=6  witness: 0,6,2   [0.00s]
k= 4  d_min=8  witness: 0,8,2,6   [0.00s]
k= 5  d_min=12  witness: 0,12,2,6,8   [0.00s]
k= 6  d_min=16  witness: 0,16,4,6,10,12   [0.00s]
k= 7  d_min=20  witness: 0,20,2,6,8,12,18   [0.00s]
k= 8  d_min=26  witness: 0,26,2,6,8,12,18,20   [0.00s]
k= 9  d_min=30  witness: 0,30,2,6,8,12,18,20,26   [0.00s]
k=10  d_min=32  witness: 0,32,2,6,8,12,18,20,26,30   [0.00s]
k=11  d_min=36  witness: 0,36,2,6,8,12,18,20,26,30,32   [0.00s]
k=12  d_min=42  witness: 0,42,2,6,8,12,18,20,26,30,32,36   [0.00s]
k=13  d_min=48  witness: 0,48,2,6,8,12,18,20,26,30,32,36,42   [0.00s]
k=14  d_min=50  witness: 0,50,2,6,8,12,18,20,26,30,32,36,42,48   [0.00s]
k=15  d_min=56  witness: 0,56,2,6,8,12,18,20,26,30,32,36,42,48,50   [0.00s]
k=16  d_min=60  witness: 0,60,2,6,12,14,20,26,30,32,36,42,44,50,54,56   [0.00s]
k=17  d_min=66  witness: 0,66,2,6,12,14,20,24,26,30,36,42,44,50,54,56,62   [0.00s]
k=18  d_min=70  witness: 0,70,4,6,10,16,18,24,28,30,34,40,46,48,54,58,60,66   [0.00s]
k=19  d_min=76  witness: 0,76,4,6,10,12,16,24,30,34,40,42,46,52,54,60,66,70,72   [0.01s]
k=20  d_min=80  witness: 0,80,2,6,8,12,20,26,30,36,38,42,48,50,56,62,66,68,72,78   [0.01s]
k=21  d_min=84  witness: 0,84,2,8,12,14,18,24,30,32,38,42,44,50,54,60,68,72,74,78,80   [0.01s]
k=22  d_min=90  witness: 0,90,2,6,8,12,20,26,30,36,38,42,48,50,56,62,66,68,72,78,80,86   [0.02s]
k=23  d_min=94  witness: 0,94,4,6,10,12,16,24,30,34,40,42,46,52,54,60,66,70,72,76,82,84,90   [0.06s]
k=24  d_min=100  witness: 0,100,4,6,10,12,16,24,30,34,40,42,46,52,60,66,70,72,76,82,84,90,94,96   [0.12s]
k=25  d_min=110  witness: 0,110,2,6,8,12,18,20,26,30,32,36,42,48,50,56,62,68,72,78,86,90,96,98,102   [0.67s]
k=26  d_min=114  witness: 0,114,2,14,18,20,24,30,32,38,42,44,48,54,62,68,72,74,80,84,90,98,102,104,108,110   [0.96s]
k=27  d_min=120  witness: 0,120,2,6,8,12,18,20,26,30,32,36,42,48,50,56,62,68,72,78,86,90,96,98,102,110,116   [1.74s]
k=28  d_min=126  witness: 0,126,2,6,8,12,20,26,30,36,38,42,48,56,66,68,72,78,80,86,90,92,96,98,108,110,120,122   [3.56s]
k=29  d_min=130  witness: 0,130,4,6,10,16,18,28,30,34,36,48,58,60,64,66,70,76,78,84,88,94,100,106,108,114,118,120,126   [7.58s]
k=30  d_min=136  witness: 0,136,4,6,10,16,18,28,30,34,36,48,58,60,64,66,70,76,78,84,88,94,100,106,108,114,118,120,126,130   [15.50s]
