k=31  d_min=140  witness: 0,2,8,12,20,24,30,38,42,44,50,54,62,68,72,78,84,90,92,98,104,108,110,114,120,122,128,132,134,138,140  [0.01s]
k=32  d_min=146  witness: 0,6,8,14,18,26,30,36,44,48,50,56,60,68,74,78,84,90,96,98,104,110,114,116,120,126,128,134,138,140,144,146  [0.02s]
k=33  d_min=152  witness: 0,2,8,12,14,18,24,30,32,38,42,44,50,54,60,68,72,74,78,80,84,98,102,108,110,120,122,128,134,138,144,150,152  [0.02s]
k=34  d_min=156  witness: 0,2,6,12,14,20,24,30,32,42,44,54,56,62,66,72,74,80,84,90,96,102,104,110,116,122,126,132,140,144,146,150,152,156  [0.01s]
k=35  d_min=158  witness: 0,2,6,12,18,20,26,30,38,42,48,56,60,62,68,72,80,86,90,96,102,108,110,116,122,126,128,132,138,140,146,150,152,156,158  [0.00s]
k=36  d_min=162  witness: 0,2,6,8,12,18,20,26,30,32,36,42,48,50,56,62,68,72,78,86,90,96,98,102,110,116,120,128,132,138,140,146,152,156,158,162  [0.01s]
k=37  d_min=168  witness: 0,2,6,8,12,18,20,26,30,32,36,42,48,50,56,62,68,72,78,86,90,96,98,102,110,116,120,128,132,138,140,146,152,156,158,162,168  [0.02s]
k=38  d_min=176  witness: 0,6,8,14,18,20,24,30,36,38,44,50,56,60,66,74,78,84,86,90,98,104,108,116,120,126,128,134,140,144,146,150,156,164,168,170,174,176  [0.03s]
k=39  d_min=182  witness: 0,2,6,12,14,20,26,30,32,36,42,44,50,54,56,72,74,90,92,96,102,104,110,114,116,126,132,134,140,144,146,152,156,162,170,174,176,180,182  [0.04s]
k=40  d_min=186  witness: 0,2,6,12,14,20,26,30,32,36,42,44,50,54,56,72,74,90,92,96,102,104,110,114,116,126,132,134,140,144,146,152,156,162,170,174,176,180,182,186  [0.01s]
k=41  d_min=188  witness: 0,2,6,8,12,18,20,26,30,32,36,42,48,50,56,62,68,72,78,86,90,96,102,110,116,120,128,132,138,140,146,152,156,158,162,168,176,180,182,186,188  [0.01s]
k=42  d_min=196  witness: 0,4,6,10,12,16,24,30,34,40,42,46,52,54,60,70,72,76,82,84,90,94,96,112,114,130,132,136,142,144,150,154,156,160,166,172,174,180,184,186,192,196  [0.08s]
